0.8272866963
0.3727450678
0.6487247762
0.7412436864
0.8112255670
0.7617113331
0.6650958729
0.4289335630
0.2650722964
0.4717726270
0.7197653135
0.5230253195
0.3010274556
0.4881928816
0.9617659745
0.3810554571
0.3111801881
0.4607972149
0.5950536641
0.7195409971
0.6377090443
0.7487346365
0.2786619260
0.2560002289
0.8497890075
0.6854429708
0.8501848356
0.1447935455
0.1810686294
0.9894182626
0.3397363629
0.4994806538
0.4239923051
0.4805211018
0.5142200447
0.3421092556
0.7276302240
0.6886265968
0.8074334488
0.5046463448
0.9285578181
0.5959210655
0.7389806208
0.9054737171
0.4023124280
0.5183340069
0.8957945849
0.7769953985
0.4834610935
0.4147857143
0.9103824464
0.7162247256
0.3778487732
0.8320755709
0.9511483939
0.9047866115
0.9814658406
0.8594387678
0.8792244519
0.5741020121
0.5994402032
0.5109010317
0.3796521723
0.9693306451
0.7882318451
0.6042118131
0.3075839426
0.8682486810
0.3785764956
0.2997563624
0.2847950179
0.4674002299
0.7148587446
0.6315732178
0.3801625923
0.4322702525
0.1952415000
0.3946137711
0.8934064648
0.6639707197
0.6382563211
0.9023645405
0.7668365506
0.7929487036
0.5348673039
0.9960516779
0.8620688888
0.3598460177
0.5203311059
0.9351292099
0.8633234253
0.9046139081
0.4412958516
0.8603320510
0.2907152264
0.4274410390
0.4542524083
0.2771655337
0.2849903600
0.7625505605
0.3814262138
0.9209465751
0.9180487947
0.6912247747
0.8706222467
0.6984246234
0.8302485835
0.9499778580
0.9025172617
0.9557726298
0.5169599243
0.5475768948
0.6828724871
0.3513829440
0.3478783978
0.4675257372
0.9245957744
0.8159784999
0.7186165918
0.8040149562
0.5973679212
0.7275370245
0.9357516946
0.8324024604
0.3802761133
0.2349739898
0.0014224933
0.0002689503
0.1788825925
0.2544119209
0.9797267631
0.8888300283
0.4858835786
0.5030754804
0.8669154947
0.8767285381
0.7900521855
0.7151844059
0.6740630756
0.8604162328
0.7455091732
0.8394668137
0.4840468976
0.8314916516
0.6993726866
0.4295387083
0.1676217371
0.3236950869
0.9424124987
0.5376112600
0.5431377387
0.6041165914
0.6622005871
0.4188122523
0.2961056209
0.6067648908
0.8192945031
0.5342495829
0.5468473629
0.7455292777
0.3784604649
0.2005825195
0.2204204002
0.9671603330
0.4320722687
0.9718302905
0.7021757624
0.7164665710
0.6212488776
0.5485562830
0.8791046254
0.5182172876
0.9524755653
0.9131471105
0.7452945914
0.8888811093
0.8664381022
0.7705823268
0.7662928850
0.6884665722
0.8426889964
0.6903666948
0.7515911192
0.5317336593
0.1476419608
0.2207298089
0.9611021000
0.6915401328
0.8961495820
0.9916839676
0.4201358835
0.9799557747
0.8745632706
0.3095277237
0.3288827832
0.4455366583
0.9365221904
0.3650047019
0.9218711541
0.6790169608
0.8099557861
0.6243884834
0.7066289575
0.7692393797
0.6850747895
0.7099675968
0.3364664277
0.6510903483
0.7145907394
0.9933621798
0.8430185095
0.1553760537
0.1468593993
0.8886559871
0.9660999927
0.9444317818
0.5873207596
0.5085525058
0.4490995599
0.7249721399
0.8448427358
0.7124868790
0.6584405926
0.4953554683
0.9378499059
0.7688772900
0.6093977022
0.5840864759
0.9999567534
0.3681559024
0.4670114632
0.8986228480
0.7500704342
0.3750542752
0.3669221012
0.1497036638
0.7821431227
0.4621297027
0.3681851433
0.2457466247
0.6809941387
0.3017606247
0.7028829526
0.6390855574
0.6962748084
0.6988294458
0.6184094242
0.4766376821
0.6959584094
0.8451778189
0.4393988671
0.6029555627
0.2914167593
0.7344411363
0.7231621893
0.9256401977
0.4315718034
0.8622504431
0.2351789806
0.5714282821
0.3091450299
0.3940442901
0.6860929122
0.4120196692
0.9757832738
0.9212021747
0.8389512844
0.4720035194
0.6864979816
0.7670891587
0.6637588533
0.2212383118
0.4559405125
0.5084535821
0.6403705023
0.2733617360
0.4195166642
0.9037083198
0.9309970431
0.6271150888
0.4838160505
0.4658747063
0.5950012028
0.6363502261
0.7022450898
0.7686320334
0.6303435908
0.6692174585
0.7319850232
0.5411156400
0.3868627274
0.8399270724
0.4122852310
0.4160635593
0.3508221728
0.7594366035
0.5166775496
0.5046079281
0.5397800542
0.3921507630
0.5083352455
0.9912169093
0.6289386390
0.5513458542
0.3345412135
0.4604089664
0.1659226554
0.2566821710
0.8521722866
0.6597162265
0.2235269670
0.1805484343
0.4987806029
0.5157259415
0.2412669545
0.4831686099
0.2686192850
0.2195597693
0.8902019587
0.3111528256
0.6371818817
0.8292766542
0.9284626508
0.7038372085
0.3292352311
0.5128105630
0.8237751188
0.8188784530
0.9617239738
0.9986562761
0.9025926573
0.4656805664
0.2327661179
0.7490647899
0.8146452312
0.5866875705
0.3275293410
0.8586324040
0.6309702819
0.7680870675
0.8552540170
0.5358317074
0.3855940345
0.3934978023
0.7018118066
0.7646730269
0.6975023544
0.7179674103
0.5195288815
0.6085567515
0.8175787225
0.4647040270
0.5529238512
0.8713232247
0.7355258070
0.7276084472
0.9061516326
0.8314132988
0.5204962027
0.2914093043
0.4857009403
0.7055929581
0.2940006288
0.0008377793
0.0000352885
0.1741915934
0.7387173245
0.7426759148
0.4531655175
0.4242489736
0.3968764417
0.5618498568
0.9224961020
0.6556363443
0.8100973894
0.9276608789
0.7321753414
0.3225973280
0.4898490367
0.8593300729
0.5786198884
0.3745196058
0.5762846523
0.7681566688
0.5826330582
0.2403176340
0.3720254740
0.1095478213
0.5308718170
0.9097902801
0.8042866997
0.6505966021
0.7723732901
0.6494959580
0.7091440482
0.9173856831
0.9786757247
0.9657542571
0.5158786966
0.9924071062
0.5040411231
0.7441656297
0.8959268184
0.5694659202
0.4320993222
0.7354808461
0.4091067747
0.4956198185
0.6983290779
0.5674765937
0.9381488628
0.6048496067
0.6721319302
0.7061326987
0.8411746812
0.8314468954
0.3320383558
0.5003367209
0.8358396524
0.6455371807
0.3228319291
0.3891654894
0.1038245177
0.3789697092
0.6524166341
0.8502271819
0.2334490788
0.1735596363
0.5280876564
0.7147405061
0.6034492805
0.4368037913
0.5588402913
0.3691094273
0.5908397021
0.8556469630
0.7806024504
0.1797490698
0.1548007939
0.4489884333
0.8524034523
0.8499557644
0.7670970599
0.7316131532
0.9236001137
0.7718715346
0.8351219049
0.6364322011
0.7069452129
0.7710679152
0.6554873069
0.9768479317
0.7294581181
0.9367077578
0.0004393093
0.0000448993
0.2004811258
0.6658039648
0.3194400277
0.4340998136
0.6633910408
0.7161135555
0.3653007116
0.4600231701
0.9657405917
0.8808144091
0.6968709771
0.3259889825
0.4580740324
0.8099641629
0.6620210335
0.4912386705
0.8768098558
0.7447996949
0.4808193993
0.5194200738
0.7653432040
0.2821309853
0.2110983159
0.5912769862
0.5955213449
0.4367736226
0.9745246522
0.4355424585
0.3241225713
0.7524056198
0.5765124633
0.8855624851
0.9033434628
0.9755077607
0.3057912057
0.4577875435
0.1285611660
0.5322323871
0.8385187260
0.5851663529
0.3552827386
0.5937769686
0.1972841974
0.3117379901
0.4526836522
0.4480213963
0.5059705188
0.9034893227
0.9208889672
0.6111224971
0.5793271626
0.5206464259
0.4197636113
0.8958787525
0.8483848432
0.7666721001
0.4524902591
0.7152553142
0.6388223447
0.4504652246
0.5635300024
0.4990405055
0.5695523122
0.7972858693
0.3836224752
0.5284844603
0.8238020500
0.6991154113
0.8834351021
0.5749295729
0.4923782756
0.9400364173
0.8487750074
0.3606209045
0.5704159860
0.2703289295
0.2152232560
0.3557648132
0.8595830055
0.8073755374
0.4415553537
0.3988918055
0.1412919330
0.4851297246
0.6475696573
0.3789220183
0.3497401706
0.6225748180
0.7272838995
0.5256479423
0.9705558121
0.2543246938
0.4241945525
0.4176258291
0.4977944876
0.6568538130
0.6799121581
0.5819496483
0.6625258084
0.3061140011
0.0954408871
0.1406140460
0.5309820214
0.8944745222
0.8189743858
0.8330765321
0.7078586664
0.8244259660
0.5871414805
0.9314848646
0.6234818714
0.3238528833
0.6053855940
0.5406841954
0.5172751572
0.8006907909
0.9776487906
0.7467280433
0.7794779203
0.2637845142
0.1441506392
0.7931432414
0.2005029887
0.3239266020
0.4904020276
0.3897879435
0.5844953273
0.8297373642
0.6820191736
0.8182389893
0.7685568095
0.6851128990
0.9863885753
0.7316017343
0.4976032652
0.6933462148
0.5799374505
0.6780139056
0.6420201707
0.7959788170
0.3956813490
0.2599734185
0.5525866042
0.8346002617
0.4797871146
0.4973926123
0.3792189788
0.4229161570
0.9523874011
0.2095067532
0.4976502407
0.4485168524
0.2567133071
0.5070754069
0.3479643345
0.1961102343
0.2437964021
0.2014492308
0.2465830032
0.3380202601
0.3808607150
0.8806968562
0.9282728685
0.2280496370
0.1287628455
0.4469131222
0.8181270462
0.5729988817
0.3358957297
0.3049474841
0.5874018332
0.6267588909
0.8526059807
0.4571706494
0.6785496359
0.6223310612
0.5772361457
0.8011387064
0.8429230543
0.7474649413
0.9859495063
0.8055462892
0.8360094323
0.5905799412
0.6460955640
0.8651782166
0.6961646581
0.2851060633
0.2096511212
0.4081722717
0.3527560809
0.2281755253
0.8518484033
0.3290347831
0.3338528707
0.2999934794
0.7367465214
0.9538355413
0.3994315914
0.6058692016
0.4435541145
0.4113950633
0.6198041561
0.4359831980
0.8974315698
0.4642977556
0.7006014109
0.9634649559
0.7070619854
0.6252907796
0.3181339448
0.4432907207
0.4689433274
0.9448044942
0.9651707985
0.8186031534
0.5364218660
0.4556991183
0.9027176475
0.8071809369
0.4257842107
0.2140760048
0.2158072882
0.6402734161
0.7713486384
0.8430065341
0.0003424058
0.0000888370
0.8439549408
0.7355433243
0.9304920358
0.9690112204
0.2847192553
0.3846705216
0.1861279581
0.2565364169
0.6532281572
0.5601034635
0.6710021762
0.9349317785
0.8317406013
0.9013502773
0.4001327345
0.4697362699
0.2526875816
0.5410406369
0.2472184299
0.5574600707
0.8986873309
0.4596759852
0.2903893068
0.4085188337
0.5840321123
0.6307362434
0.4628398646
0.6448505716
0.5763763168
0.2233629977
0.1712095423
0.7657439766
0.3694703295
0.9549073983
0.8201576325
0.5410870948
0.3810122115
0.4478301773
0.6921426433
0.3810933443
0.5166855058
0.7890363547
0.4194176110
0.4970361155
0.4668882455
0.9062089715
0.7560074750
0.8363867545
0.9341283068
0.9520649561
0.8996102661
0.3933953444
0.3894821519
0.5191187245
0.3750168825
0.6339684392
0.8956447538
0.6879169797
0.8235345052
0.9985773962
0.5035337002
0.7734193632
0.4057343848
0.6032457899
0.3306851509
0.1976149672
0.5402127368
0.8037010972
0.9448077084
0.7715983701
0.4915579677
0.7306372673
0.3100626788
0.2623301126
0.3719958343
0.8375086005
0.7832584933
0.4978789454
0.5764764100
0.6212848150
0.6578289043
0.0002870903
0.0000605669
0.3583132334
0.5001841356
0.5191941615
0.7136547460
0.7770651349
0.8377898523
0.4394228558
0.3374227539
0.9119074890
0.6976447178
0.2111346933
0.4391210741
0.4851328765
0.2598630225
0.4025715842
0.6555587836
0.7693440291
0.3203224221
0.8415705123
0.9416542287
0.7733748586
0.7428562317
0.7705987630
0.5296356870
0.2455975421
0.1604624550
0.7488339210
0.5714777869
0.5276843069
0.3420521673
0.2172483529
0.5540784841
0.1146637257
0.2998971769
0.5104928525
0.6464471031
0.7464421556
0.8805988061
0.5738080259
0.4060837259
0.7503392828
0.4333056297
0.5054761500
0.9766186960
0.9102839702
0.8172981198
0.2439901551
0.1450215104
0.5090862489
0.7930742672
0.7032929099
0.8274514512
0.9011587911
0.4273642173
0.6743129792
0.5188198807
0.7508592408
0.8488182512
0.6430653552
0.5369246198
0.9502523092
0.4976709177
0.1961575533
0.3914452043
0.9637969854
0.3216019863
0.2506997496
0.4700691280
0.7200612315
0.8063648532
0.5059346370
0.4471144685
0.5035241949
0.8186893873
0.7224957796
0.7478513762
0.7780559423
0.4981811974
0.3334409331
0.5719023001
0.7770043961
0.3902364526
0.6904158087
0.7649775834
0.7136060348
0.4195327713
0.5182486529
0.7156261432
0.8637234479
0.9942161809
0.8768756687
0.1875601628
0.1496992298
0.4450946442
0.4783089047
0.1641434380
0.2011474167
0.4309774385
0.5548180428
0.4734944542
0.7801173865
0.7822321782
0.7351913452
0.4208211780
0.5369536868
0.8488302943
0.9793493502
0.7927573464
0.4644370715
0.4856044932
0.3645523142
0.4613704325
0.7222577309
0.5809723858
0.6788263710
0.4118595639
0.3145659854
0.3653733831
0.2060086409
0.1862555048
0.2838927018
0.7412994662
0.6055631702
0.8159309451
0.0674818885
0.1833140111
0.5822587316
0.6221765473
0.6696784732
0.8012259688
0.9282863734
0.4726083679
0.8193356504
0.4233833270
0.9056518367
0.6113884716
0.5209993976
0.6478139095
0.3385458520
0.5380690535
0.9142663293
0.5221432028
0.4612369678
0.3830208973
0.2827212076
0.4509948164
0.3823882634
0.6845333276
0.3102041919
0.3532704236
0.8399325625
0.3836902402
0.6474112907
0.8070699766
0.9122983196
0.9204161483
0.4064514373
0.4367668575
0.6655575788
0.8542105939
0.7500239013
0.0003927189
0.0001636341
0.6894569681
0.6615316749
0.4234756391
0.2264931181
0.5033657675
0.4473385107
0.3191306505
0.4202881910
0.3570827802
0.4729240467
0.8497925613
0.9767804411
0.6224127983
0.6059774698
0.9018501070
0.3409960723
0.4775816212
0.3855566849
0.2522130304
0.8423808594
0.9337853495
0.4537654834
0.5819034523
0.9279157318
0.9055916574
0.9652471506
0.6620074979
0.7589563117
0.8157613541
0.4650779124
0.5294698372
0.7885676618
0.7794270135
0.8358517304
0.9435863187
0.6981897380
0.9805300770
0.9426372779
0.8808005275
0.4125419629
0.3479650257
0.7583397973
0.5436022727
0.3696348889
0.4608065593
0.5570134199
0.7797603843
0.5514553503
0.6120313654
0.8694921351
0.7965236164
0.1730117632
0.6383676365
0.4951672220
0.5007655560
0.3165235220
0.8409717813
0.2796062356
0.0495186694
0.0681883947
0.5194748389
0.4673011704
0.3805202368
0.6149386661
0.3477570197
0.5481654114
0.3855500810
0.4606657082
0.7997994836
0.5725107046
0.4783018002
0.7255544959
0.7586421367
0.4400854447
0.9381070829
0.4262665854
0.6304951650
0.4353949327
0.8559545640
0.5279943257
0.6001462992
0.6059718109
0.5494821523
0.6807546777
0.5512865947
0.7661099390
0.8220701331
0.7752893275
0.1674829453
0.3552543428
0.7504955281
0.5845652247
0.1908419226
0.2612698708
0.8557522199
0.4026398479
0.4681712547
0.7394580185
0.5200638243
0.6059920277
0.6697163181
0.1942361466
0.1637120105
0.2884218941
0.7079386478
0.4154616371
0.2748952627
0.3178679053
0.7135748624
0.3025644610
0.9831955112
0.1214941639
0.3884084296
0.4078810940
0.5637989493
0.7469300304
0.5426415636
0.2569296276
0.2287440690
0.5501393713
0.5610632158
0.6724802761
0.4926600188
0.3435197684
0.3223244938
0.5034809569
0.1454279580
0.1882078455
0.8575708925
0.4879618196
0.3115832915
0.8370726720
0.8282994437
0.3812751265
0.7849260560
0.7393010643
0.7615297630
0.4670596524
0.7693463914
0.7369320379
0.3758986923
0.3526733071
0.8489727070
0.7156634377
0.5001872511
0.7144808412
0.8796567841
0.6190972895
0.9679604717
0.1016717715
0.1265977603
0.2443772677
0.8017166611
0.2652304588
0.0716318636
0.2253190079
0.8861470997
0.5542774601
0.9204327892
0.7598108178
0.8476172854
0.4344497104
0.6241161529
0.1481691688
0.1376457039
0.7202791942
0.9908206925
0.6500218758
0.1991077131
0.0915946684
0.5076905432
0.8442152245
0.6767147672
0.5116964305
0.3914186399
0.6737647080
0.8568873095
0.5414855346
0.4987406143
0.7076527036
0.5249583667
0.5950282070
0.2604326221
0.9010635407
0.2844791750
0.4133787123
0.4990744283
0.8515577838
0.9628501151
0.8469402778
0.4189514026
0.4247520190
0.5037199523
0.2176594359
0.4535175220
0.3583624365
0.3587592425
0.7958679861
0.3716710383
0.3171743267
0.7293192525
0.7144268962
0.8833396740
0.6090477477
0.4058678909
0.5289553147
0.6775764861
0.8416599255
0.7548863587
0.4676415404
0.4091143538
0.7401377726
0.4994953055
0.9661898280
0.7757471954
0.9572165215
0.5045252117
0.8787021649
0.3992765394
0.3437913404
0.3584312470
0.4594114498
0.4221825052
0.4923157412
0.7968567137
0.9452272403
0.4057277753
0.1652309600
0.0727461669
0.1769707766
0.8202763110
0.5669534510
0.5389465537
0.8183165726
0.6886369131
0.8008086967
0.9083553577
0.8560252184
0.6145317311
0.9593727403
0.5262590014
0.2956952673
0.1933975030
0.6790337047
0.6900539415
0.2209290855
0.0903641921
0.2114179955
0.3471596909
0.4679140702
0.1660197582
0.3652344433
0.6727533618
0.9591468077
0.5856132202
0.2702171659
0.5326434288
0.8840008991
0.7637683343
0.5952022969
0.5911643157
0.9856227107
0.3800696106
0.8586045723
0.8498273798
0.9425231052
0.7509111847
0.6305381591
0.7678205830
0.8643844368
0.8740445153
0.6636859525
0.8131883863
0.6378690837
0.9164998955
0.7921238136
0.4023130008
0.8898938298
0.1328950923
0.1167469853
0.7295511136
0.6668406798
0.9904793179
0.5496229857
0.8172389047
0.1386962097
0.1275184714
0.3476156750
0.3610657783
0.5249273161
0.8485937256
0.6125210248
0.8453914054
0.5009524514
0.7025629567
0.2522894349
0.2789805214
0.5293270178
0.5025451400
0.7674151203
0.7845136691
0.3817892917
0.3535116203
0.2566685871
0.5416522840
0.5028657571
0.6681480002
0.8178240872
0.4069886963
0.4020560073
0.9346297430
0.8697257555
0.9185131400
0.8944939757
0.8215422411
0.9757851974
0.9172923058
0.7233698839
0.8641791556
0.8637306094
0.6366360868
0.1651879976
0.1853446723
0.7610295225
0.8040787182
0.7232454085
0.8205515590
0.7892808009
0.5472093447
0.6355598089
0.5428730671
0.6464495082
0.7401768193
0.1421720368
0.2325480087
0.9105406457
0.9396437454
0.2047858570
0.2048077226
0.8293629398
0.8418996501
0.8865556851
0.3038972503
0.4652844548
0.2596366713
0.9523142136
0.5814679394
0.2791131593
0.5921898438
0.6003555764
0.4966195850
0.4278545753
0.8963773895
0.6811103449
0.8033979295
0.6836535383
0.8310988473
0.7614795075
0.8900787508
0.9945162054
0.4087453760
0.3025106440
0.5198346695
0.6697034528
0.5424544538
0.9763012653
0.6153098185
0.8252383895
0.4749966848
0.7374131679
0.3986719285
0.7188821094
0.2788798946
0.4693975518
0.4775250179
0.3996809550
0.8003592572
0.9633141759
0.8163281791
0.8470119860
0.1804789359
0.2300970182
0.4637186042
0.3428275144
0.7211502518
0.4920625194
0.6771545310
0.7666183859
0.8609925593
0.8596097226
0.2257541175
0.1519552280
0.8976703331
0.2438803863
0.3997754180
0.2854449405
0.2492252427
0.4581137499
0.6474959238
0.9116858396
0.6338958137
0.8915872374
0.7248908521
0.7482119488
0.6947760549
0.7420647317
0.9088119185
0.9919709847
0.7564057028
0.7370452799
0.4643164482
0.4264600147
0.6333270636
0.9989687074
0.2337771768
0.2859588960
0.6157757443
0.2378088710
0.3944711427
0.8333905202
0.8722210631
0.7221873966
0.6783910499
0.8911962749
0.6720012687
0.0380557639
0.0309759403
0.6151993976
0.6028627389
0.8448893509
0.7358899804
0.1715012202
0.1486481904
0.6272563411
0.4864972212
0.3809694696
0.9877503130
0.9168484498
0.9894163025
0.8600342408
0.6187762716
0.7920246298
0.9528859196
0.5819497933
0.7947492727
0.8701957373
0.5340953047
0.4715717080
0.3711811135
0.5838300769
0.6460340736
0.4212316400
0.2223486075
0.5392340312
0.2011743628
0.3736844097
0.5480472640
0.8014778770
0.5156375553
0.5638958719
0.5684055506
0.8231749854
0.5261906037
0.9289373462
0.4135444283
0.7496141037
0.7084164640
0.8290366352
0.2517627927
0.8890090870
0.8198590643
0.2878916656
0.4076341584
0.9251947454
0.7584529681
0.5958833757
0.2908342098
0.5593113554
0.4906455794
0.8374029936
0.1925056534
0.2378098363
0.7727268505
0.7138006476
0.1989219039
0.1643440995
0.8168734749
0.4276460560
0.4695382828
0.2335037035
0.2452157842
0.9689577000
0.9244352973
0.6748161818
0.9204537744
0.4384523754
0.5635833984
0.6186446642
0.5597305702
0.6412687400
0.4065486386
0.6732182768
0.3639585722
0.6415172067
0.3857012232
0.3128682181
0.9023790014
0.7270410476
0.3383426975
0.7380836848
0.8514364363
0.3159602420
0.3723725364
0.8341549231
0.5063606789
0.2982002041
0.1985174146
0.8462224150
0.4814085709
0.9932677235
0.9572874655
0.4951169029
0.3603338561
0.0003900937
0.0002624014
0.8402229416
0.5379748612
0.9015415444
0.6657339377
0.4757708390
0.4385184959
0.9583601102
0.7600660163
0.8699668014
0.3622016143
0.3374238375
0.6208168567
0.8248833913
0.6135462105
0.4958164033
0.9789144868
0.8251406586
0.3088327138
0.7520943792
0.8538976119
0.9445661748
0.3156449475
0.9536371277
0.3888638083
0.2532492335
0.3591834823
0.7962691026
0.6415215351
0.8646002773
0.5813715477
0.2888989857
0.1916040918
0.6017904507
0.4120776331
0.2302541262
0.3520423235
0.9696092373
0.6654199129
0.8385085682
0.7354380528
0.4432370517
0.8115475884
0.9706801753
0.9905514047
0.5091544296
0.6590842876
0.8248134861
0.4495470326
0.0014239584
0.0001052847
0.7424211011
0.8836691390
0.8592765679
0.4674072471
0.4797008112
0.9433206423
0.7902808755
0.4883621384
0.5949448769
0.7575614298
0.7751933909
0.8891694587
0.7287255970
0.7574155117
0.6823931982
0.8038261626
0.4665911310
0.9710973429
0.1426505273
0.2790298956
0.7624997589
0.7402881675
0.8514863906
0.7247811610
0.3211399181
0.5866719614
0.9095652728
0.5482009972
0.3405566866
0.4277920726
0.5984923076
0.9543207584
0.6020284551
0.3365833938
0.9563785557
0.6249825111
0.9126471372
0.1764021314
0.1955728681
0.6415688249
0.6340803435
0.4206919494
0.2277907198
0.1549109246
0.2103235654
0.7395928110
0.4140566135
0.7807304734
0.6238812847
0.3085230907
0.2837228413
0.4391219745
0.4068985624
0.4451296122
0.5805776629
0.4343254551
0.8072799002
0.7429582744
0.5088856862
0.6323040232
0.6447279143
0.6712016478
0.3697365110
0.0905442193
0.3422165006
0.9460507790
0.9636560000
0.6207937150
0.6476582518
0.9943879362
0.7110706685
0.5474650061
0.6874105164
0.8576656875
0.4639135196
0.4292658668
0.9126409699
0.5408962917
0.7714917313
0.1532336167
0.2492547095
0.6124959421
0.9832071079
0.8560262547
0.5903765525
0.5061358236
0.4995106836
0.5806938501
0.7519582184
0.6911026883
0.9365207479
0.9957872448
0.7598458420
0.3959650688
0.5875870347
0.6883544707
0.8845374761
0.6155800406
0.9944119793
0.5175646949
0.6485034117
0.8499408528
0.9389366233
0.7987980976
0.5431004198
0.8712539185
0.4422622467
0.6453391049
0.9397295178
0.7952232617
0.4766037239
0.8662687986
0.9626297522
0.6620808767
0.9855606563
0.6102838927
0.3683528462
0.2913445898
0.9815130983
0.8137831677
0.8122842079
0.4903175106
0.3312539965
0.7572178888
0.5911275035
0.4373852680
0.5046003549
0.4594031213
0.9235328536
0.4644637569
0.5898258216
0.8061684568
0.8371661649
0.8135738838
0.9411531105
0.7999011596
0.5640995317
0.3594132100
0.6666191796
0.8940312700
0.4786136151
0.5554288439
0.9407196403
0.9086623826
0.8986602684
0.4099939865
0.1901858902
0.1860557624
0.4462112243
0.8887898040
0.6272284444
0.2749502052
0.4234289999
0.3593549633
0.4191094271
0.3422478909
0.3501995964
0.8282961920
0.6442391916
0.4563562829
0.2220723074
0.3765237420
0.8471757223
0.9590321730
0.3661879740
0.5305918322
0.7259380367
0.9788172746
0.8236968241
0.6019149929
0.8001103671
0.9829890567
0.7890484168
0.7988321902
0.8122000950
0.7222532772
0.9330978011
0.6637748279
0.1703893307
0.3587225935
0.3507515805
0.0646289125
0.1398126818
0.3324029229
0.1433601990
0.3232410087
0.8072776904
0.9421223864
0.4173085485
0.2789700270
0.1578656382
0.2177633841
0.3315975885
0.4132713096
0.2687113776
0.4801700092
0.5400652661
0.8017698496
0.7827887017
0.5644548855
0.2464161702
0.2699674264
0.2935855893
0.3000974856
0.8055966977
0.7270777169
0.8332982311
0.8199403039
0.3493962464
0.1652683715
0.2859830331
0.3112390018
0.7356334701
0.4261078997
0.2533484904
0.9336595917
0.3952131641
0.8439641211
0.7105164541
0.4744677508
0.5483880355
0.4795643773
0.5572585227
0.7320522117
0.9582934433
0.7911012614
0.4221704288
0.3132921214
0.8162033559
0.8839486876
0.9263325299
0.5250979941
0.9148596687
0.4393088099
0.4265240482
0.4864652468
0.8907573433
0.9969451686
0.2979763076
0.4766383854
0.7419671793
0.5222475006
0.2063729387
0.6434348118
0.7917387169
0.3683280570
0.4041862857
0.9487023142
0.4782233080
0.5268109481
0.7002067194
0.3343200624
0.2084755273
0.4728573103
0.7297787787
0.4818671383
0.5437689116
0.2186234826
0.4019765678
0.3964979698
0.8532135110
0.0858669189
0.0893637312
0.2766644585
0.6837963162
0.5237711848
0.6381955227
0.5015423622
0.4765889643
0.3160906488
0.7482204879
0.6030546644
0.5547927604
0.1431257224
0.2616458802
0.3690130610
0.4700276957
0.0978061691
0.1058496872
0.9768053454
0.7242882606
0.9552527708
0.7144529062
0.8007681278
0.2725075094
0.2857023776
0.2720158677
0.9525690259
0.8733329896
0.3206611930
0.7139147259
0.8290333461
0.1305850582
0.2517081158
0.7761289074
0.9509984286
0.7270374687
0.8693199788
0.1699578524
0.3781101825
0.4662670127
0.6648117649
0.4604750021
0.5391881600
0.8039572175
0.7046141987
0.6232488780
0.8666529140
0.9242697353
0.9693830720
0.5662150486
0.3159272206
0.8854053341
0.5214551192
0.6255244847
0.7143680177
0.2159002641
0.1891442518
0.6226317995
0.8479525961
0.6753892268
0.7881490820
0.5224110145
0.4347699028
0.5162431329
0.6621831672
0.8422738207
0.4064792193
0.5406240023
0.6365432934
0.5489808575
0.6278013389
0.4331415331
0.5324931117
0.6747013945
0.3240992775
0.4970573501
0.7534598251
0.6588368155
0.4510953943
0.4437730960
0.8009563364
0.8509218972
0.9276087205
0.2870538860
0.2523547143
0.4625333185
0.6523120679
0.8058690607
0.6133622870
0.5251337831
0.5048582974
0.5204311823
0.4345575817
0.5240101321
0.4673485086
0.4946458794
0.9423652616
0.6936430737
0.3991579946
0.3604184040
0.2687873869
0.4207505850
0.6667655153
0.5487737641
0.4678696708
0.3751416792
0.4808126054
0.4410739938
0.4855024685
0.1566635711
0.3991398027
0.2999597022
0.1999064727
0.4842751004
0.5130426998
0.7359828092
0.9572118858
0.6958654494
0.7364393946
0.4814719783
0.5117323784
0.8432162680
0.5233216004
0.8294805301
0.8597046293
0.7255385584
0.5338836998
0.6709228309
0.7090035872
0.8227159946
0.6087473805
0.5583935823
0.7258962029
0.5939265353
0.4625804791
0.4626126384
0.2957058595
0.3930319788
0.3011408121
0.2813340519
0.4110632065
0.5623541719
0.3486202948
0.2882721928
0.6752246593
0.2519898019
0.2066298514
0.9123518008
0.4405603689
0.5623773567
0.6548520867
0.6037846263
0.4025430185
0.5332224744
0.6018659616
0.6540350838
0.3422349256
0.9339614415
0.9071814794
0.5782395895
0.5549570531
0.4849259379
0.8141363724
0.9499977692
0.4948425854
0.5173114489
0.2069135998
0.4019798027
0.9081630241
0.3069304930
0.3106525914
0.4115236453
0.4615738662
0.9766373613
0.5313694619
0.3072932975
0.3803365308
0.6864158925
0.5650800449
0.7048918783
0.9192626767
0.8051056733
0.9860819083
0.4712324750
0.8948070584
0.4513122439
0.7058377507
0.9049557755
0.8986405238
0.4824805386
0.4384468193
0.8997063282
0.8457559804
0.6989489507
0.4061661885
0.7392036327
0.7236376621
0.1414422862
0.3710381006
0.8491415401
0.1066329865
0.1317037750
0.9539467632
0.7877072460
0.2676557851
0.1521826475
0.3641698628
0.7352258843
0.2448586224
0.2571118039
0.9216424525
0.0760698131
0.0507948086
0.2491526864
0.6157142043
0.5931747842
0.5835514202
0.9341338882
0.3725817850
0.1496656444
0.2035413649
0.7611559693
0.8058102390
0.5887855479
0.5245242373
0.4317181392
0.8662643952
0.8306078078
0.4967952177
0.5041048135
0.6992805592
0.5482058445
0.8217613978
0.4536080943
0.4594250911
0.8221249872
0.3219576419
0.2292212521
0.3653752775
0.4941990550
0.6471034182
0.2055507919
0.3057703640
0.5055682738
0.4243221386
0.7899529386
0.1904070782
0.1969756779
0.6849525145
0.8454241585
0.6074032008
0.7116064338
0.3913751545
0.2742767261
0.7076969947
0.5464571968
0.5513104203
0.9953140335
0.8733462511
0.2502778300
0.6566836982
0.8641572709
0.6610048191
0.7077131444
0.8623989632
0.5559757500
0.4485819969
0.5928805832
0.8137052596
0.7739355097
0.2463057840
0.1215049942
0.3211878154
0.5777425396
0.2268902234
0.2345225850
0.7392630220
0.4079534409
0.9911307094
0.0949781291
0.1140000088
0.9070219558
0.3897005526
0.8574379635
0.4977135348
0.6173269099
0.7124555664
0.7385585454
0.6741300224
0.5009546023
0.7952766431
0.7473883160
0.6088908507
0.6817190455
0.3019593710
0.2740143160
0.2101030122
0.2718727562
0.3933829847
0.6706705452
0.5431527748
0.1936139845
0.3702050615
0.9617135447
0.7931486693
0.5859378815
0.8915296736
0.3003352946
0.5961191088
0.8042710954
0.4892522953
0.2953085703
0.6002935916
0.4527385925
0.4611330411
0.5926676340
0.4893571604
0.4196956921
0.9727967838
0.3247483980
0.4426340776
0.4097080812
0.1650998198
0.5234946920
0.7558192363
0.8513375539
0.2741745928
0.2450326903
0.3846065911
0.4434310320
0.8297888574
0.5977684182
0.7481933178
0.8817576394
0.5404877867
0.6140692441
0.4710552956
0.8989688633
0.4101542778
0.5680596371
0.8652108435
0.9689621652
0.9055325899
0.9260396549
0.6365542267
0.2307831656
0.3549823050
0.6319378748
0.3528136629
0.2122969350
0.4601447220
0.6224729511
0.6422495221
0.4566570928
0.4969481345
0.5076306765
0.2945318373
0.5410049520
0.9871461762
0.8134543344
0.8069425087
0.8031693697
0.9747661844
0.4516782396
0.2227956390
0.6528744978
0.7471877009
0.6262455153
0.9256418785
0.8491187030
0.8196948519
0.7179113031
0.7725488967
0.9823827194
0.6575369326
0.1723594686
0.1594513593
0.4111659467
0.2227375231
0.1529733172
0.6408080164
0.4802044991
0.5556048604
0.5355082176
0.4467673188
0.5574683015
0.0007122968
0.0002127723
0.9789887885
0.7616395211
0.4677198029
0.6158239571
0.6877101739
0.9054363015
0.2434995911
0.2835379623
0.8635599963
0.4294349231
0.5441337583
0.8219444086
0.0797917754
0.0738611306
0.4328743408
0.5867340039
0.9499103843
0.9572076876
0.3769292523
0.3735721801
0.7364320568
0.7741040168
0.2188348815
0.2040266382
0.2318364420
0.2727892135
0.4859376445
0.6357715547
0.6799158399
0.7825603249
0.9240836718
0.6737431587
0.9822107875
0.7423109235
0.8879358235
0.5775820336
0.6470998342
0.3564366270
0.9162662635
0.3207576876
0.5330425837
0.9266796832
0.5599086039
0.3206169107
0.6186815404
0.5661110387
0.8566398339
0.6476730669
0.6207948960
0.9197416524
0.9175900956
0.7907324246
0.5215193292
0.2336386479
0.0854616996
0.5808380544
0.6824021936
0.7734238690
0.4276480434
0.3355809227
0.4611958566
0.2993265063
0.3993763030
0.9751739695
0.6212371407
0.4219274416
0.4794772654
0.9418702488
0.2911606721
0.5447674305
0.9495554863
0.8147730564
0.7891432128
0.3423509029
0.3313543592
0.9309321573
0.3286216450
0.4517584273
0.5714641103
0.9223671133
0.1481174216
0.2013434963
0.6196093395
0.4747276926
0.5674108254
0.7701232068
0.7238383911
0.8418395855
0.4725310431
0.4885129146
0.9941634071
0.8911643581
0.8896965052
0.7269558559
0.6022554108
0.7488208943
0.1591066790
0.3367335212
0.7571223115
0.3968682968
0.4436486764
0.9996125392
0.8027966219
0.5448681920
0.7559051475
0.4913168276
0.4722084997
0.7986188047
0.6785542134
0.2584787684
0.3205118209
0.7259724930
0.4583522007
0.2891062990
0.1238496932
0.4914138451
0.7190539896
0.6247689357
0.7230914794
0.9421465552
0.2899674999
0.4369292675
0.6609304945
0.7947491660
0.1473885099
0.0001988819
0.0002841450
0.2502022156
0.4164331783
0.7175457884
0.5294906024
0.1840424172
0.1538165460
0.4523171231
0.6450333037
0.4191821527
0.4259278935
0.9566234503
0.7679293042
0.7908776724
0.8897029768
0.5498336061
0.4547035960
0.8557521625
0.9377104152
0.8179934558
0.7659631607
0.5996051934
0.4227383240
0.9514027442
0.3839665960
0.4125132782
0.5100363373
0.9470918589
0.2120330102
0.1949227322
0.8254531458
0.8611370849
0.2015690216
0.2393821736
0.7100580788
0.5238548852
0.2666219410
0.5306958563
0.4579314795
0.2809835149
0.4389728833
0.7113081625
0.7487977468
0.3071872427
0.5573664983
0.5329238193
0.4268187767
0.1829048896
0.8356969264
0.8340639204
0.5050704590
0.4582382007
0.5121457482
0.5421739080
0.5663933749
0.3692224483
0.6040155677
0.4070374154
0.2939482809
0.7056386278
0.9531812443
0.7388741986
0.4962693739
0.7528795949
0.4698471801
0.9260484472
0.7326557328
0.3416831212
0.2998170717
0.8906222920
0.7586208263
0.5422153647
0.9311591837
0.9126329221
0.8908579202
0.4647912354
0.8528484014
0.6578780914
0.1660926444
0.2227974879
0.7644438394
0.8467973243
0.8104889249
0.1357848797
0.0888303699
0.0740069425
0.0838631736
0.2036919186
0.3371349666
0.5193497145
0.2985673896
0.3350046932
0.6724999362
0.4827268073
0.5154349749
0.6679724085
0.4778490736
0.9442421578
0.7377442723
0.7693235188
0.2900983761
0.2420796154
0.6409637642
0.8150290504
0.5986001704
0.7771673171
0.4954172897
0.1459301215
0.2777140003
0.6435401737
0.6648677598
0.9777570317
0.9734607294
0.9541965306
0.9195270858
0.9453212420
0.6215348624
0.6499710808
0.3389455614
0.2561084114
0.3460766405
0.7018734852
0.4784637350
0.4179315299
0.6507061607
0.8788269493
0.9256813743
0.9344447954
0.9453008646
0.7739461297
0.8184204373
0.3287028255
0.3012167242
0.5377620994
0.4817550123
0.4276102608
0.9740802732
0.6850405253
0.8005380561
0.3398168008
0.8387779603
0.9146058909
0.9478799802
0.8182480822
0.4526922589
0.5182987329
0.8552425431
0.9505285850
0.4736602292
0.5582131982
0.7535839699
0.4776356194
0.9179950107
0.5225737297
0.6389020167
0.6576682124
0.7281096521
0.5437741167
0.5654940322
0.9684698830
0.8743022538
0.7377706772
0.3903160434
0.5948439925
0.6983164686
0.3544411230
0.1969659249
0.5515310845
0.5063685900
0.6641654399
0.5034705428
0.8771152394
0.8917990485
0.4052038419
0.4914460005
0.5070653693
0.8869173589
0.8690074861
0.9639757528
0.2864165515
0.3957823978
0.5794548348
0.7216786321
0.7614990063
0.7343828175
0.8700038376
0.9960761408
0.2450277722
0.4182706132
0.8005778260
0.3410005712
0.2880824209
0.2854877744
0.1630454972
0.2677431072
0.2851575568
0.3581619695
0.9182853754
0.3172165770
0.2170456197
0.7989314489
0.5111435666
0.6718193021
0.2964228025
0.1786481182
0.3597031840
0.7922867523
0.6728598392
0.2695193170
0.4089757712
0.3635137004
0.5177936804
0.7488958165
0.5702369852
0.3451359884
0.5536479772
0.3270787686
0.2361741548
0.9220843744
0.9284308766
0.8263849476
0.3551840266
0.1704206472
0.4693733094
0.5998040765
0.2782755023
0.7213072861
0.8219002717
0.9689841882
0.0003594604
0.0001550098
0.5509669462
0.6492425468
0.6237726886
0.7014778400
0.9707956439
0.6722676408
0.3352108238
0.4703450537
0.6546418505
0.5603340936
0.5034313324
0.1533364432
0.2842629181
0.5466991207
0.6735638814
0.6982187642
0.4289105206
0.3611822432
0.6036808092
0.8429498167
0.8291248823
0.6625124073
0.8319680135
0.6545155689
0.6423952863
0.9113566626
0.8994456544
0.6336676906
0.5491252913
0.9077394226
0.9931957934
0.9593853267
0.5463175288
0.5309198361
0.5522053559
0.6717117528
0.8333529347
0.3158379186
0.7305213088
0.5618441715
0.3105008009
0.6730246879
0.5326190475
0.5168328572
0.3645814666
0.4794491398
0.3367993202
0.6204161861
0.9445959540
0.8511044753
0.5734742673
0.9873143695
0.3877058726
0.6717229161
0.0957994806
0.2172589818
0.6122189065
0.6814665220
0.8024992078
0.7670049922
0.8574895385
0.8454676574
0.9080708324
0.8871314504
0.3633385251
0.3936658675
0.7785777547
0.4521856726
0.3484763914
0.3465531139
0.5085165018
0.2550141374
0.5529485901
0.5034459341
0.7498662691
0.7798106025
0.8449588950
0.9368231722
0.5985128206
0.8437592537
0.5129687656
0.5140667250
0.9003660947
0.2816101360
0.2338203324
0.5399861696
0.6786824563
0.4432589029
0.8128427957
0.5066530295
0.8264015982
0.8764746970
0.7968328340
0.7327433310
0.5629085969
0.1967180700
0.4276019786
0.5629601342
0.5236974268
0.7307426134
0.8121849093
0.3949520890
0.7378944507
0.6330984179
0.9697798691
0.8441899778
0.9685980166
0.9150549707
0.6355500647
0.4644331638
0.6064319718
0.9161250616
0.9531061265
0.5581682939
0.4303890095
0.8003311472
0.9004328736
0.8471067029
0.2905804109
0.2950408311
0.9425810883
0.8439440757
0.5148992638
0.9967813906
0.5048222333
0.5746632859
0.9339025061
0.6725550640
0.4862302346
0.6161196741
0.8665554767
0.7108508965
0.4870461234
0.8561325419
0.6022667727
0.3569082338
0.5944896524
0.3875915948
0.5514930703
0.4756809238
0.6953501022
0.8087611466
0.6308994142
0.8034752116
0.1034010261
0.1481673206
0.8643328747
0.3493003931
0.7528687838
0.6556569727
0.8925201374
0.5261849295
0.5740979555
0.9857948556
0.9346638398
0.5934121501
0.5483550627
0.5185103122
0.9978409228
0.5849082277
0.2982716910
0.3516647436
0.4808428862
0.7058520737
0.8774880211
0.5327555841
0.8488507320
0.3204948883
0.7725457386
0.2774524742
0.1418228027
0.8689733294
0.3433610447
0.5316756573
0.4690827028
0.2724979918
0.2153054232
0.8191130606
0.3135113067
0.6457386475
0.7122060606
0.5022202481
0.2823465965
0.5081487222
0.9836776242
0.7842204890
0.8088409809
0.6437057959
0.7880174516
0.9596276466
0.8092105338
0.2756395767
0.3271990123
0.9088532290
0.1878021828
0.4240975569
0.4800229173
0.6138409129
0.4783050516
0.7201280444
0.5499782019
0.4451030187
0.4445814301
0.6420774312
0.6384022483
0.4972497612
0.5712100633
0.6947291344
0.6963955484
0.5844947171
0.5628015910
0.6019399743
0.5439495796
0.9603421095
0.4045235698
0.3909425802
0.2709943037
0.3125842183
0.7206247978
0.7054203046
0.5846158375
0.3876465343
0.4506728104
0.7773068278
0.3682472882
0.0003634708
0.0001792335
0.6285573257
0.3038869108
0.1551376576
0.4815331520
0.4591596775
0.7310801279
0.9867556177
0.0815217171
0.0952484436
0.0994246513
0.5661521308
0.6668460422
0.4956474610
0.4615565975
0.4483250874
0.5035720225
0.7220376630
0.4154697797
0.2191475878
0.3577444185
0.3880932136
0.5361423851
0.8282292021
0.5801216933
0.4867104134
0.9653608327
0.3294545493
0.6688930886
0.8333794772
0.6719171257
0.9619814418
0.9987693765
0.5709512324
0.2406909089
0.8908534990
0.6707258690
0.7256261676
0.3459197450
0.3187274885
0.3288332913
0.3510692273
0.5794578574
0.3777737422
0.9779469688
0.9468238954
0.9021392795
0.7093644207
0.7135623666
0.8037184725
0.8469997140
0.7861309278
0.6232484985
0.3582751478
0.3095051764
0.6932152112
0.4981775844
0.7747638625
0.9203897145
0.9531757114
0.7065960481
0.8579897950
0.8480441437
0.8536843288
0.5531287408
0.6877806245
0.4844314544
0.3370177399
0.4368403685
0.3054807925
0.3402271853
0.2313821867
0.2717635544
0.5984864556
0.5501688893
0.6933385011
0.7927365860
0.6273608801
0.5060156628
0.5031063301
0.0003876587
0.0001489684
0.8449599855
0.6510557159
0.3464904641
0.4950203620
0.6068498257
0.5946825637
0.8521028498
0.5878502213
0.9713321771
0.8965218368
0.2012706356
0.1968196239
0.7321165732
0.4274497188
0.0604223627
0.2372875561
0.7812413182
0.3430497619
0.4128437039
0.9537177596
0.9271898182
0.8003609191
0.5148118001
0.2346848274
0.3732829625
0.3494313053
0.5759650316
0.8969063226
0.3783872154
0.3437627988
0.6554481864
0.5519179746
0.6653691211
0.7788633325
0.9609192452
0.3795928934
0.5069057084
0.2994343508
0.2620521662
0.6261122094
0.7531450404
0.2762429593
0.4888137207
0.8968239342
0.7767016872
0.6051764105
0.2909315799
0.3544934769
0.0848007530
0.0802195015
0.5104116837
0.9576187027
0.5977468023
0.2491968993
0.8346720744
0.4160943931
0.4805905926
0.4811339394
0.5195966804
0.9026181139
0.8539990322
0.9917748331
0.9663439748
0.4609620310
0.6221612821
0.2062786134
0.1231427529
0.6507844309
0.8740533241
0.9797692146
0.4586093171
0.3990953624
0.5187201834
0.3734391725
0.4705422427
0.5025584667
0.9545006953
0.5977064031
0.7255622636
0.8635477862
0.4509566422
0.2883770452
0.5788885022
0.8255920108
0.5876040829
0.4875664909
0.1942684337
0.6974338633
0.8167219067
0.6528182774
0.7006226502
0.8174899198
0.5239746186
0.8834423802
0.8680083923
0.2453813417
0.6653263835
0.3488724196
0.2745031152
0.4156195763
0.6693327688
0.3923379557
0.6425482455
0.9037249632
0.7346720594
0.6811879450
0.8327382724
0.9392643654
0.5794480901
0.2522086669
0.5184847489
0.5087682649
0.1774576451
0.2317183394
0.5613622474
0.3838258798
0.6965205731
0.4977782702
0.7570555016
0.9644224306
0.7425562255
0.8933119737
0.8262194105
0.0591517152
0.0927292211
0.4146279202
0.6999164656
0.8187157680
0.1038177238
0.0705095307
0.3400954451
0.0573337264
0.1005349923
0.3383003211
0.6759906550
0.0656128761
0.0969524881
0.8728355372
0.6152061381
0.4911228128
0.7740289612
0.2090594243
0.3948092037
0.5416738737
0.4802767606
0.7149768122
0.4827497232
0.5981203863
0.5442599253
0.7597685780
0.8822515147
0.5818961231
0.8676866632
0.5349687352
0.8027446901
0.8148064167
0.3203834504
0.4186305992
0.6370019962
0.8871783529
0.9668684032
0.6622096272
0.7786632060
0.5737138550
0.3864414906
0.3504837768
0.7751715480
0.4081176842
0.8328003282
0.5200352288
0.6618358914
0.8743927385
0.7207788801
0.7321993740
0.7734786069
0.3087827125
0.2402532331
0.9413965861
0.2204584594
0.6073588132
0.4579713429
0.5095867530
0.6859648474
0.3953987465
0.4878153445
0.9387898761
0.9696962619
0.6352349530
0.6110468628
0.7896733081
0.8331356557
0.4354135569
0.4245801495
0.6073197214
0.8921915711
0.5314004755
0.8521772454
0.3724738452
0.4043298051
0.4947019921
0.1058062834
0.2215055645
0.8029585002
0.6921303840
0.7402303608
0.8465838213
0.9313681328
0.5680117357
0.8096801118
0.3678221574
0.3915459136
0.8782352007
0.8352003132
0.6779078723
0.7367205364
0.7027991860
0.6013021994
0.7435655866
0.9621366646
0.9470543452
0.2120668336
0.2942961147
0.3383400778
0.7934985263
0.8582780288
0.6166731654
0.8764154873
0.2569552083
0.1668265633
0.3412297440
0.9987175894
0.8095770778
0.7245713245
0.8457523146
0.8588720999
0.7495472820
0.2076187073
0.1163690483
0.1119801823
0.1744801878
0.4163096775
0.8984601270
0.8307785346
0.4485904604
0.2020616068
0.4642914918
0.6304251531
0.6654194923
0.9729551904
0.4155464760
0.3973672589
0.2596204813
0.3035066175
0.5464715019
0.6753838483
0.3772806659
0.4441368585
0.8051925945
0.5592520844
0.5198714519
0.2139990070
0.2128588964
0.4358074415
0.9848687544
0.6393642203
0.9079957422
0.7330525245
0.4296397244
0.2990967238
0.5567729464
0.9172495683
0.8396553029
0.5268109573
0.5225554676
0.5983003619
0.4735573887
0.6294453274
0.9304874528
0.8365828610
0.9628492258
0.6937088133
0.1564180581
0.1681032215
0.8886912101
0.3926235169
0.6157834664
0.9508875078
0.7651549172
0.6189727819
0.5587464021
0.8595470793
0.3928712801
0.5801593957
0.7587929488
0.0002881547
0.0001273332
0.6880507064
0.3638463098
0.6592976907
0.6434243300
0.6617390161
0.9847452584
0.5389231177
0.4747787318
0.4794894128
0.5883411178
0.9095253901
0.5647036498
0.3321704929
0.3231225049
0.5060401022
0.8503349676
0.4120923171
0.2276553726
0.7038367721
0.7779752747
0.5783566979
0.3369264001
0.5497048943
0.4501488697
0.7087804459
0.7418348796
0.6425595204
0.7592764790
0.7359055229
0.8678423901
0.5653756412
0.8900146407
0.6196368889
0.8246610348
0.4133331848
0.9492489335
0.4719964008
0.2780659253
0.8306699183
0.5218649712
0.5682094360
0.5122604668
0.7966101399
0.6500962852
0.4964080336
0.3016379794
0.7829597992
0.6841637356
0.8617485401
0.6508079875
0.7492808600
0.6835133881
0.8317881777
0.5386838730
0.2579811237
0.3748194573
0.9502368768
0.6425268294
0.6023536098
0.0006638264
0.0002307610
0.9395491669
0.9675147630
0.4073213731
0.6292352745
0.4239210909
0.2940896435
0.4397064859
0.9915461251
0.4110995175
0.7434229391
0.5335043452
0.6320243204
0.7750506176
0.3334408266
0.7860334913
0.4287756713
0.9852392938
0.8433004653
0.4526065985
0.8608725245
0.6303373255
0.7722588814
0.9551439041
0.6896125996
0.6781557472
0.9921499647
0.6930890555
0.7073922530
0.6746386076
0.5734275943
0.9026677292
0.5308335016
0.3909853936
0.8752042787
0.3904983004
0.2317174198
0.3380375333
0.8171159705
0.2349744751
0.3399472673
0.8102344163
0.4890727548
0.4390512040
0.5671167885
0.2909179932
0.6737273262
0.7238065247
0.7281395651
0.6644765855
0.6478930855
0.9128945025
0.6220053219
0.9743433274
0.4423208645
0.8515593267
0.9959379862
0.6260613545
0.9074381700
0.8232139712
0.1176112806
0.3956058305
0.5454046155
0.1940509236
0.6904746465
0.5159348060
0.4440187649
0.4988031172
0.2325730922
0.4973134128
0.7065035707
0.6125227625
0.2346435878
0.1330577685
0.3749340660
0.7782544381
0.8455670581
0.2113712342
0.2103734053
0.7082330661
0.4646471548
0.4208823556
0.7509929467
0.8706108959
0.4270214951
0.3030771174
0.5440461851
0.6743306743
0.7250325744
0.6725345573
0.5614839085
0.4607889631
0.5448493362
0.7628852650
0.3595246772
0.8960846138
0.3499678131
0.7033733961
0.4510070756
0.2503037892
0.8021838198
0.2161882483
0.2302684465
0.8810653727
0.9874912243
0.7223037624
0.9927747387
0.4313091321
0.4810337973
0.9264762451
0.8855303854
0.3450485490
0.3268550293
0.6229809401
0.8105512623
0.8101898156
0.5993384221
0.8761491806
0.7163719999
0.8922034771
0.6611345663
0.6231296162
0.6465503363
0.5646434569
0.4362823684
0.5332364643
0.7235666230
0.5937989421
0.6681261746
0.9840957539
0.8391551763
0.4383954720
0.6799758310
0.4382575482
0.3211072076
0.5545201104
0.5707670305
0.2972511882
0.5157251244
0.6966630510
0.6923392171
0.3594711833
0.8378710762
0.8579662730
0.1875079639
0.0907743120
0.5272024699
0.3452473952
0.1923699508
0.6381314534
0.5432231246
0.4704153442
0.8727437411
0.5178784097
0.4089096066
0.0765291848
0.1050538415
0.1761752778
0.2781065665
0.3683175749
0.8688217286
0.9783127078
0.8941006663
0.2509342483
0.2338150259
0.1640049286
0.2104160128
0.4885485291
0.5586166213
0.5317856361
0.6200751659
0.7839168127
0.4890405926
0.1377952952
0.5649211821
0.1689375459
0.1457269990
0.9491061609
0.3942751960
0.7845326601
0.6539132364
0.1839349927
0.4061726315
0.2625985188
0.4081301255
0.5591660594
0.7237793441
0.6720499706
0.4986664002
0.8538207138
0.6512179536
0.7859584598
0.6441209435
0.3910446575
0.3265659348
0.3191445822
0.5702110557
0.8551796846
0.7543744321
0.5194525552
0.5114944317
0.3919436864
0.5003702065
0.6427814737
0.6898651754
0.5413508416
0.3608682087
0.9745601611
0.4553139966
0.2960983901
0.3755605053
0.4122563836
0.4780055508
0.6398011584
0.6130189096
0.4528514452
0.2581085543
0.5785550595
0.2996410221
0.3276231649
0.2456361386
0.2956437076
0.8135130684
0.7994506346
0.6825461716
0.3434382091
0.5078199849
0.6953303330
0.5125288535
0.8240369030
0.2182651338
0.2089020207
0.9827151572
0.4991180932
0.7417081933
0.5920133936
0.8968113005
0.7545510604
0.2827480960
0.2363255820
0.2301960463
0.2776199975
0.5275049673
0.4838172332
0.7950396832
0.4298364070
0.9755079717
0.7223248297
0.9796627723
0.2712695371
0.3343707225
0.7890735751
0.8579464338
0.9900517760
0.6568696985
0.0944245398
0.2289839721
0.8535538874
0.4794289161
0.8521332557
0.8809850868
0.9017437539
0.8863995583
0.8247536240
0.5468100534
0.3586665495
0.3587703814
0.5791713959
0.4450947693
0.6083397460
0.1972471575
0.6045273453
0.7085671698
0.9568441254
0.3021873119
0.2882921814
0.7773954404
0.4146344228
0.3971631906
0.8350941739
0.8115363832
0.5906455209
0.4692146202
0.4183775861
0.4878387600
0.8609131045
0.5694060664
0.9468365298
0.7091232213
0.9129980729
0.4463123735
0.2179661935
0.1451703357
0.2786688280
0.7280634645
0.6651047713
0.6908127808
0.4655763919
0.9171471402
0.5857663712
0.5114026589
0.3665419452
0.4961613242
0.9142831895
0.9160223623
0.7072008176
0.5162200251
0.9541141948
0.9923277085
0.3469530510
0.5273684092
0.8014612154
0.5734743517
0.6245844956
0.5116092169
0.8419289007
0.7216744514
0.8688841825
0.6940322237
0.1138850669
0.2286397559
0.7379541464
0.8954740481
0.7248952246
0.7390364029
0.9873234328
0.6789194387
0.6449186131
0.3985422573
0.5858645533
0.1441090530
0.4979117969
0.7133320923
0.5786202665
0.6120986277
0.8350636745
0.3417204129
0.4517454793
0.5594373148
0.8834932286
0.8319143761
0.9460218024
0.6930679495
0.6989867901
0.7816476954
0.3936544475
0.3560915099
0.3566631376
0.8102229908
0.8497252100
0.7033865619
0.7163051087
0.8538021018
0.3946688998
0.5581836496
0.6105803147
0.5049896787
0.8123840667
0.8610595053
0.8311894300
0.3794290120
0.8347534269
0.7108790720
0.3916158532
0.4449047304
0.5540832081
0.9146859964
0.5698872669
0.7024937960
0.5575620894
0.6117977039
0.6392275501
0.7006183953
0.2629831161
0.2999310873
0.6582447635
0.1474700620
0.2835331740
0.5047854500
0.1564125428
0.4096034094
0.6919113046
0.4098549626
0.3586644619
0.6252389321
0.6969182671
0.4006280583
0.3947773967
0.7838240286
0.5605095021
0.5918815824
0.6305448029
0.6651126966
0.5178689585
0.3918459844
0.4094463177
0.5201858597
0.8710525578
0.7860405380
0.6749938301
0.5548641634
0.2885226916
0.5328059835
0.7245818229
0.3416218526
0.4229044093
0.6816381740
0.6378844505
0.6573047183
0.8184871913
0.7613556823
0.8338439358
0.7869042475
0.7288423453
0.3960531836
0.1049690713
0.1412422040
0.6752578475
0.5109118801
0.2268637346
0.7896507598
0.3500589967
0.7337534882
0.2485054813
0.6859304737
0.6022062119
0.9712627763
0.7043598942
0.5884721515
0.2737400435
0.3315340216
0.6194581643
0.7254012191
0.6537416794
0.4346672013
0.2450787470
0.8387122791
0.8713493851
0.7415672504
0.1920440658
0.3190053773
0.5246878391
0.7550781391
0.5554496297
0.5944183964
0.6999042219
0.5518498796
0.9082707848
0.6880920746
0.6304575026
0.6969118571
0.9585288366
0.6974557564
0.3822342605
0.3725723713
0.3049265919
0.6019936087
0.3596989157
0.6315746915
0.7681718089
0.1996323495
0.0831682209
0.3415442557
0.6765777338
0.4662398826
0.3566776477
0.5178120182
0.1852284346
0.3239804742
0.7426320335
0.5553926720
0.4102580813
0.8064677733
0.8704738458
0.4752826403
0.1969250582
0.1390583549
0.3695796907
0.7888778317
0.8411191999
0.5405544059
0.8528164423
0.6469064691
0.9619063846
0.3614545216
0.1560633780
0.2130908549
0.6467544170
0.3587182790
0.3290754102
0.6390405916
0.6287852972
0.8397004574
0.6687423824
0.5552700653
0.8420411995
0.5298787504
0.6359205166
0.4393239311
0.2674139014
0.7442496115
0.8577545427
0.6737091172
0.6411830694
0.9213266948
0.6310472406
0.9791529027
0.4564217383
0.9291742905
0.2859205993
0.3854473390
0.7224777163
0.9065823661
0.7507796303
0.5573041338
0.5228960674
0.4638590351
0.1465253975
0.1986880931
0.9956247705
0.3457072109
0.2640861452
0.6954289594
0.5725934493
0.4502599273
0.5112909305
0.4090916033
0.6557725918
0.6045537882
0.3291797713
0.2651518516
0.1595001920
0.1462015755
0.5550177251
0.5957576309
0.6959893474
0.6579072043
0.3094238272
0.5061961786
0.4475311297
0.5145868754
0.9731779402
0.6496371309
0.4644730680
0.4184881908
0.3631121194
0.7996521297
0.8267405474
0.5050048289
0.9162350927
0.8109862195
0.9334584825
0.2003414361
0.3156226505
0.4939817314
0.5854714069
0.2963104609
0.2494545276
0.5039620427
0.5659624710
0.5448697113
0.4589186151
0.5960270469
0.2909241269
0.7405462948
0.2664102110
0.5914978078
0.8203276738
0.5310391448
0.4889166341
0.5649833441
0.6603144205
0.6918351100
0.8969619671
0.3825391123
0.4010788945
0.8657805273
0.9138201306
0.7719486730
0.5513664715
0.9086665803
0.5338637037
0.6004729735
0.5751456190
0.6047288702
0.4536498841
0.7416128211
0.7613247468
0.8993190049
0.8477222704
0.7334740601
0.3037939028
0.3805146347
0.3713028548
0.3047221520
0.4508800945
0.2834698407
0.3494652308
0.3378330712
0.5734849189
0.8769459142
0.8738076907
0.9697842064
0.7655086115
0.4632296434
0.3766373522
0.6922248430
0.5469867989
0.9609630535
0.7874754490
0.4698281206
0.5076453801
0.7755952909
0.3293997892
0.3079908320
0.7935991082
0.9695409279
0.7664860535
0.0004010206
0.0001185559
0.3170970496
0.1681612600
0.7397776400
0.3050915283
0.6316481372
0.5373423553
0.4012550375
0.8847129260
0.7812520471
0.4797333591
0.5682523575
0.3379622718
0.2090511545
0.3305174422
0.4101831486
0.6941122126
0.6918257017
0.6240473094
0.7028782578
0.7917096340
0.9621106758
0.6248719158
0.5260186693
0.6771175398
0.6007932792
0.5239432407
0.2844836404
0.2515834445
0.3293716445
0.1523404579
0.9341607500
0.9515030416
0.5604394545
0.3868770725
0.2503799593
0.8768695359
0.5210155646
0.7015720301
0.5551975490
0.4876210162
0.8800178963
0.4967700899
0.6031107756
0.6413805546
0.7343948108
0.5951312745
0.9550974734
0.9679902816
0.5532438431
0.8657394324
0.8177173295
0.5184535965
0.9538839586
0.6773351034
0.8576953014
0.6535399120
0.8476676478
0.4525458498
0.3946684836
0.2959097980
0.3421855761
0.6125979499
0.6431780647
0.2225467940
0.1387373377
0.7476848354
0.7879319703
0.8536960831
0.5908346642
0.4135059596
0.3431630061
0.4743643821
0.8259677137
0.2739329411
0.3376569551
0.7626241695
0.4756132412
0.5380180599
0.8452947885
0.6607897334
0.5955785739
0.3595874777
0.5126864604
0.5564182131
0.5369492849
0.3584409640
0.6061552344
0.6462380617
0.4077723535
0.2252043069
0.3260419100
0.8471155133
0.9542298584
0.3906537073
0.3832862957
0.4374615085
0.2428373104
0.4586227476
0.2640950226
0.1481131735
0.3470003104
0.6303167531
0.4657963416
0.5913280994
0.4858711125
0.5784616478
0.1563663364
0.2089353827
0.4750224855
0.6669072953
0.5719937210
0.7896440651
0.8392180040
0.1059589680
0.1039415786
0.9835401992
0.3048843052
0.6008858752
0.3917507391
0.4291141808
0.4950187764
0.4697299445
0.6408564994
0.9449933647
0.5964035373
0.3161355947
0.8755225843
0.9707068617
0.2589344531
0.2486669209
0.7170202336
0.4479854568
0.8535128694
0.4806746035
0.5165385750
0.7881457047
0.2569757137
0.3409509723
0.5313717631
0.1888503178
0.8024814550
0.2632508732
0.3173681692
0.4415768729
0.8153557597
0.8727618424
0.2207321615
0.8389772597
0.2566590671
0.8665351571
0.5766121785
0.7750815904
0.5217638113
0.9567566709
0.9684131710
0.4672242328
0.4297272272
0.8454032717
0.3592648381
0.9862792396
0.6051450484
0.9774463574
0.8126453931
0.7584825300
0.1647286891
0.5459236418
0.2281825817
0.8626442769
0.4443648729
0.6838752775
0.2927016677
0.5277722717
0.7981377891
0.6768612577
0.6436391978
0.7865002032
0.5073392558
0.3646346568
0.4241322540
0.9820443764
0.5996975246
0.8863091042
0.9801928168
0.6877290790
0.9314980380
0.5979887793
0.7968339250
0.2625891618
0.4828873460
0.7918922511
0.7164259955
0.8825636875
0.9315669935
0.6827733384
0.5818458836
0.6678547714
0.8918922786
0.9444917144
0.6727086813
0.7024874626
0.7306343098
0.9964426530
0.9152786926
0.7549482464
0.3791338067
0.6560309044
0.8413611189
0.4947184308
0.6630153907
0.7518718732
0.6785939057
0.7725687207
0.9189363346
0.4325257123
0.6781373977
0.8589434714
0.7542963475
0.7972092626
0.8970810168
0.5345733437
0.6639590361
0.7355990060
0.4304562637
0.8810703573
0.3912845124
0.8275131581
0.9657079777
0.3552195203
0.2777076820
0.1608769012
0.8066701822
0.4959798917
0.4340773783
0.0754064929
0.1051129899
0.7187316147
0.7624891430
0.2790317747
0.3690603933
0.4690972715
0.4823272964
0.7645418280
0.6765191052
0.7650324427
0.4508763756
0.5839707817
0.3640242137
0.8972684699
0.5160712562
0.6863762350
0.4875064228
0.4973999270
0.5854950979
0.8889454634
0.7794809750
0.4410521831
0.1895334606
0.6182352752
0.2364047210
0.1751511048
0.1745259271
0.3220471498
0.7967714999
0.8219986603
0.2238054245
0.4278489277
0.3030969749
0.6728728487
0.2369464720
0.1273705168
0.3815891912
0.5174400760
0.1721848445
0.3478234395
0.8521354373
0.9193498898
0.6320167494
0.8509918774
0.3550164492
0.9904849021
0.5340266074
0.4538348485
0.6773453466
0.3490026936
0.3952995764
0.9398547996
0.6489849257
0.6715279426
0.8741340886
0.7611577373
0.4359741394
0.2473633720
0.4741595907
0.3933754777
0.2327203397
0.2247307952
0.5368846433
0.5475214940
0.3953251375
0.7640514028
0.9108522360
0.6672392955
0.9925621392
0.3322704052
0.3448762541
0.9094566241
0.7325642157
0.8057757423
0.6553200438
0.5491632713
0.4442807525
0.2948380348
0.6468412003
0.7492967923
0.5952381075
0.7931836979
0.7892082773
0.5056005942
0.5711611508
0.7952090365
0.4249592042
0.9247054857
0.1319530079
0.2389522527
0.3715200969
0.9407543066
0.6128699769
0.7172118397
0.4612540167
0.5575379806
0.7560986997
0.4121235540
0.5582197055
0.8825838069
0.5963299687
0.8080539488
0.4826268528
0.4542567535
0.9194497439
0.3407471585
0.2393418879
0.0929441144
0.8301215989
0.6683224687
0.8659023994
0.4596463011
0.4038674020
0.5401624324
0.6809363693
0.5114954535
0.9480023149
0.5553714031
0.4197967887
0.3278565845
0.4217930518
0.2052293915
0.2745543938
0.2429032616
0.2658692525
0.2800481066
0.1743960295
0.4473894366
0.4386832969
0.4132413911
0.5954360102
0.5266648976
0.8075483206
0.6273522605
0.6660283247
0.4851396465
0.8638703527
0.9589344762
0.8981474910
0.5835629880
0.4692313176
0.7029472202
0.9403875946
0.5534396006
0.5066078531
0.7411736519
0.7391269940
0.7514772375
0.9100900085
0.7784641339
0.8984560265
0.8013979888
0.9092241885
0.4867954796
0.5296611626
0.6355817747
0.3983074730
0.4029471185
0.7850281965
0.8870860883
0.2924010515
0.3866522343
0.8532962682
0.9475654635
0.8975817641
0.5936616314
0.1875135833
0.1239259900
0.9595743695
0.5976755024
0.5327621898
0.4671373709
0.3851618277
0.3091182632
0.8135858772
0.7533837029
0.6838484017
0.4588009314
0.4924471114
0.5654440501
0.4969730531
0.7245064204
0.6944836131
0.4003286036
0.4974079856
0.7108047681
0.9921603820
0.9306819756
0.9788453578
0.9953228847
0.7159942048
0.6810433909
0.4956615642
0.7792997507
0.6592796481
0.9254509965
0.6415942633
0.5961351258
0.6426791629
0.7191669608
0.7478389844
0.9976321344
0.8138287787
0.2623918399
0.1647655360
0.1160713188
0.3991680287
0.5788977518
0.6331260648
0.9802781462
0.5370546719
0.9355905146
0.4973716860
0.4728104232
0.2190291564
0.2304256833
0.5042373203
0.6597770446
0.5510146648
0.7288730981
0.7988822551
0.7758792091
0.7922080759
0.8654945965
0.4396149701
0.2494638777
0.8993214545
0.6652187739
0.9023698320
0.5310498664
0.3519390542
0.5195562464
0.6571394912
0.9349978591
0.2551923090
0.3312978717
0.8898320979
0.8600947241
0.3793292339
0.3464750396
0.6436314463
0.9876746342
0.7602516066
0.8715095090
0.6488217346
0.3812809341
0.5843322743
0.8210640387
0.6886734193
0.2895382129
0.4230700505
0.8538896829
0.8000194048
0.9264510807
0.3980076207
0.3954500512
0.7331196190
0.5918702518
0.4883138981
0.3700407253
0.5110060016
0.5255267223
0.4649404790
0.6029961120
0.8787406613
0.0003486125
0.0001387534
0.8156485932
0.5168916004
0.3109902993
0.9775621841
0.6737962939
0.4160729188
0.7620780862
0.4092515747
0.9804289790
0.4973003268
0.2103015823
0.2321731980
0.6628067745
0.5328205835
0.8703291442
0.9516062666
0.9555242433
0.1545280483
0.9542586963
0.2983758786
0.2759222882
0.7019376923
0.8138211626
0.6206949370
0.7072498203
0.7844451618
0.4781959374
0.5670030749
0.7424221723
0.6777826143
0.4941381198
0.1194668404
0.2371156556
0.6016014416
0.6597122040
0.7479193759
0.3424825218
0.5284609627
0.7089459660
0.4968410397
0.5793310869
0.4519267580
0.4788220988
0.4289644260
0.3809856255
0.9994416161
0.3668853502
0.4204655781
0.3519248642
0.3675144016
0.6056878166
0.6802314776
0.3391188540
0.8528212211
0.7572944854
0.5044620699
0.0004530528
0.0002342498
0.3192034494
0.3341785215
0.4846041662
0.5851890071
0.3544608280
0.9980555106
0.6135806880
0.7337705857
0.5102007709
0.6062732935
0.9547348375
0.8872692220
0.5910524856
0.8610313110
0.8356489433
0.4607636198
0.6149401359
0.9645297109
0.4430554368
0.2225210933
0.3220976284
0.6996016597
0.6778940099
0.6007208900
0.9028836472
0.7193715967
0.5591895780
0.8170411888
0.8557008627
0.9336548073
0.4892134472
0.7277898040
0.7469646711
0.7901394016
0.3991874984
0.9426127552
0.2541198003
0.4483979290
0.7846438252
0.7072403867
0.7965028901
0.6225262450
0.3596462335
0.6586112416
0.5119949174
0.7312802544
0.3865224234
0.5777865666
0.4498774167
0.7531728072
0.3151683304
0.3619885571
0.4863644881
0.2171123023
0.4359811536
0.9214747600
0.8974030120
0.1592414060
0.3400202969
0.9199019456
0.4250023163
0.4376228480
0.2295032910
0.5934747270
0.9597457500
0.5463207522
0.8767566562
0.8288628564
0.7928328754
0.6145653361
0.6885779196
0.5264301645
0.3037804017
0.1765575602
0.5397681626
0.9940922115
0.5727597356
0.6247546090
0.7603805096
0.3583348973
0.4044543665
0.5427278973
0.7176046399
0.5377557106
0.5819241957
0.8690501067
0.2511722916
0.3895826225
0.6868555086
0.3604050480
0.2872538262
0.7749054343
0.6767658515
0.5488881989
0.2007329148
0.2060447810
0.7993094911
0.6556338686
0.3138395752
0.4069539813
0.9034584574
0.6682913087
0.6747771409
0.7615155493
0.9206820701
0.9033978642
0.4619839664
0.3956493956
0.4109771431
0.5149697855
0.3394008864
0.5232151481
0.9293856903
0.9714571215
0.6995754464
0.7773030585
0.6548633394
0.5794907740
0.4044247082
0.6650826698
0.8591163687
0.6549914915
0.5400832903
0.9301695489
0.9581135274
0.5700401485
0.3261730405
0.9985296498
0.5860678966
0.8773217106
0.8878567901
0.7764117870
0.5084313575
0.7452212458
0.6585777704
0.8830130048
0.8006500175
0.1606103291
0.1457522845
0.7640450718
0.9259012595
0.5082450886
0.3864520836
0.6685673660
0.5865681532
0.5218751102
0.4761163741
0.3607231377
0.9033321499
0.9936448240
0.8133645634
0.9164676359
0.7438164763
0.8378029751
0.2287857417
0.4091988456
0.2437044058
0.7450744540
0.5707967866
0.4702507405
0.3756237943
0.2851366551
0.3902796192
0.9538463327
0.2301519899
0.5118171249
0.8791266892
0.9781003088
0.8002544482
0.5801126091
0.3268932214
0.5138181357
0.5569897203
0.4188954113
0.7302650345
0.7626230714
0.6577764544
0.8911261786
0.7932673823
0.6600360377
0.5321953034
0.3738586689
0.8723495360
0.6042771955
0.8068180927
0.4115582385
0.3700736550
0.6335037063
0.9096301118
0.8708675833
0.4287552904
0.3605628190
0.5573563176
0.4257225017
0.4692395087
0.5774000043
0.6097166965
0.6542432354
0.2290662716
0.4822600524
0.7924862453
0.6900449114
0.9939984153
0.6595700089
0.4687647010
0.4458210541
0.4662312211
0.8919913704
0.7819191737
0.7391166719
0.7458850101
0.7698705035
0.9505692022
0.5605376422
0.6085105278
0.5556925987
0.6581489223
0.9363675213
0.7665717933
0.3906074963
0.3224957550
0.5632313648
0.4279292992
0.3778788387
0.4106239578
0.2750002344
0.5702666902
0.6489931021
0.6104095055
0.6460751045
0.3647743394
0.3738153608
0.3230074339
0.2364875685
0.5539941830
0.4709982849
0.3379413748
0.8644217888
0.3951656516
0.9888629207
0.5892705033
0.8778333993
0.8940010103
0.6853763668
0.5720257601
0.4052536943
0.3088371362
0.5642625174
0.4973576828
0.4284778997
0.3687453783
0.3539791382
0.4951412785
0.5363957666
0.8979079156
0.8822229991
0.3628090261
0.5129666955
0.3298287912
0.3811932759
0.6671563578
0.8581313221
0.2151940476
0.5148591336
0.1317111134
0.0383091726
0.1904289975
0.2686363497
0.4995139191
0.4868996321
0.6551512737
0.2866462770
0.2367519881
0.2417080485
0.3538766644
0.2521889195
0.1433388092
0.2322593906
0.9214576155
0.4924584971
0.9034270230
0.2200709038
0.4290596389
0.6819466251
0.2100688211
0.1490331243
0.2426858353
0.5606902125
0.5455924206
0.3038583308
0.1089273084
0.9521869221
0.1621637337
0.1963039056
0.8147401178
0.1728639552
0.2420637856
0.5350763123
0.3554752828
0.1816909802
0.3997077733
0.4263921721
0.9457947973
0.9483461971
0.2222119728
0.4274459255
0.5653427646
0.8163411103
0.7967805107
0.7134974224
0.3909273322
0.3169465371
0.3232916064
0.7603701188
0.4971394601
0.8468574331
0.7883111491
0.5660480992
0.4915263061
0.8751664723
0.8571501912
0.9735310383
0.6919212048
0.9752696114
0.8500388170
0.5853862983
0.6896360307
0.7681603917
0.6591460371
0.6711541973
0.6604365548
0.9531657589
0.4209736555
0.6207022406
0.8074190268
0.6784669766
0.8340476873
0.2264716747
0.3015571954
0.4922454302
0.1356300014
0.1433354846
0.3181457043
0.9403387388
0.7131559062
0.6772717384
0.9765655558
0.6221919687
0.6360649935
0.7365495842
0.6461572517
0.4780926206
0.5095578199
0.3365417228
0.2443104612
0.6440563939
0.4719171279
0.8332677850
0.4008448595
0.1789385106
0.4277674076
0.5897401080
0.5894425209
0.9129644990
0.2437640175
0.2706150082
0.5059219380
0.7540916130
0.5201162740
0.4840936871
0.8005707620
0.9785647196
0.7501515174
0.9747002119
0.5206152596
0.5476970029
0.6195022372
0.5387559291
0.4916776544
0.7461341012
0.5724940023
0.4524381241
0.6475176903
0.8272324729
0.8297510854
0.6704094695
0.9304587516
0.4822696884
0.3845436386
0.3068971186
0.2815082455
0.6491286898
0.8817408283
0.7519993874
0.5670471332
0.4884556570
0.6319464145
0.8818788197
0.5752413111
0.7091889016
0.2021176115
0.5282755179
0.7230449036
0.3516719529
0.5775466967
0.7125235850
0.7222554487
0.8343180073
0.6556888035
0.7017090416
0.4568640877
0.7477573732
0.6742132718
0.8124185937
0.6427246294
0.9418999735
0.8809671842
0.3746339510
0.1540431766
0.3433429051
0.5590212440
0.8378262631
0.3988153379
0.4006886767
0.2777498593
0.2607964703
0.2196711030
0.3965073321
0.8198432791
0.6785712456
0.8343334979
0.6978460305
0.6231024273
0.9036181711
0.8500861705
0.8410254855
0.6195837808
0.3469061300
0.4743188959
0.5855789872
0.5130043697
0.7700895638
0.8584942937
0.3358864279
0.5903659838
0.0003570286
0.0002623858
0.3528737183
0.8092863018
0.2619015691
0.4986507641
0.8907797134
0.5306829957
0.2537034012
0.1194686040
0.2332091899
0.8657713508
0.8179319605
0.6691538224
0.1710400135
0.4428265111
0.3395872345
0.4568860018
0.8350580291
0.8542661671
0.3045446361
0.1404067845
0.3205296931
0.8235111903
0.9662736571
0.9488082994
0.9928026129
0.9483982446
0.6625379893
0.7891610482
0.1969295472
0.3107634814
0.5493761642
0.5988996267
0.4024327708
0.3760064455
0.3230367429
0.6360059878
0.3964786615
0.8184009220
0.8891762002
0.7449730497
0.5745650072
0.5019545840
0.4230476466
0.4579587643
0.4175394852
0.1805486069
0.8945100163
0.1688350507
0.2217852569
0.6404314218
0.6420100543
0.8281463060
0.6150957228
0.3652540758
0.1967750438
0.4290502685
0.5272425975
0.2745863126
0.8263284523
0.6180167240
0.6070157064
0.4866830325
0.6358513987
0.4750592780
0.9075329113
0.6127503871
0.6107005941
0.4628721467
0.8158024940
0.4807897941
0.3938193004
0.6327181286
0.9882835600
0.2290642959
0.3197069612
0.3759872180
0.4177423118
0.5056104691
0.3369619010
0.9784172917
0.4140556401
0.5487605319
0.8445292856
0.9427793502
0.5500081857
0.4170660717
0.9703790033
0.5478093298
0.4799356584
0.1799468643
0.4969731542
0.4162877359
0.3110987148
0.1920666637
0.0000839101
0.0001672694
0.7142482098
0.3166842745
0.2823096100
