-1.9662960705
-1.9268837694
-1.8942784970
-1.8821250426
-1.8633906657
-1.8495039271
-1.8382386497
-1.8296577602
-1.8239506461
-1.8106452891
-1.8071184076
-1.7996425997
-1.7942617725
-1.7914474636
-1.7820984531
-1.7775343327
-1.7727887703
-1.7709804479
-1.7651692732
-1.7624915000
-1.7579914469
-1.7547534742
-1.7496759662
-1.7458742602
-1.7448148694
-1.7406766281
-1.7358069001
-1.7324689792
-1.7285428673
-1.7279743916
-1.7248348325
-1.7217284953
-1.7206731596
-1.7185602937
-1.7135770287
-1.7111824648
-1.7099511320
-1.7063518935
-1.7037329789
-1.7019295246
-1.6996959605
-1.6985688006
-1.6973549183
-1.6953179332
-1.6938126407
-1.6924496379
-1.6890617167
-1.6873056420
-1.6857325597
-1.6837079888
-1.6827291876
-1.6803694119
-1.6782211135
-1.6752216382
-1.6740882901
-1.6727262166
-1.6714306826
-1.6699988157
-1.6685934873
-1.6673856935
-1.6660119900
-1.6636192035
-1.6621848710
-1.6614520691
-1.6595218762
-1.6575306126
-1.6559610351
-1.6533633080
-1.6525642888
-1.6518705415
-1.6500380259
-1.6494887177
-1.6475599333
-1.6466584190
-1.6453973107
-1.6434005377
-1.6426414394
-1.6408853658
-1.6405425073
-1.6396736617
-1.6387011530
-1.6380554356
-1.6370437459
-1.6361308330
-1.6349403409
-1.6334389926
-1.6326359705
-1.6318361190
-1.6311465919
-1.6292304193
-1.6282333750
-1.6271671649
-1.6259321583
-1.6245669277
-1.6239644571
-1.6234461323
-1.6216632027
-1.6209011055
-1.6192234099
-1.6187584105
-2.0374864223
-1.9568629222
-1.9338860019
-1.9037543339
-1.8922613259
-1.8816768795
-1.8701475943
-1.8621782667
-1.8552399928
-1.8453058158
-1.8370579793
-1.8283758439
-1.8187559332
-1.8095614859
-1.8048083251
-1.7961279720
-1.7902003977
-1.7881175491
-1.7821302601
-1.7793310484
-1.7767429091
-1.7735710861
-1.7712917616
-1.7684568335
-1.7637111349
-1.7602584635
-1.7565687331
-1.7534973925
-1.7523294350
-1.7473588531
1.7469156569
1.7478554430
1.7480235544
1.7486843386
1.7493587963
1.7499582745
1.7502495511
1.7508285430
1.7513304801
1.7517705426
1.7523275470
1.7527259078
1.7533168924
1.7538253850
1.7545074594
1.7553199684
1.7557132608
1.7560402802
1.7565078699
1.7567087177
1.7579069384
1.7582947965
1.7587063553
1.7594718877
1.7598876772
1.7605759375
1.7610317039
1.7621199395
1.7624421722
1.7629732390
1.7634083391
1.7642227526
1.7646681125
1.7650001414
1.7658774559
1.7660534298
1.7668517858
1.7676239241
1.7679575436
1.7683008335
1.7687897281
1.7691400047
1.7697038312
1.7707316684
1.7716352448
1.7721034937
1.7725494893
1.7729567490
1.7735031901
1.7741179418
1.7748274578
1.7757482108
1.7764537772
1.7769395362
1.7775159753
1.7779139297
1.7784434123
1.7794391788
1.7795861957
1.7802522449
1.7808923862
1.7813350696
1.7817317801
1.7821318174
1.7830839791
1.7840170553
1.7850839608
1.7854141976
1.7864183146
1.7868656855
-2.3579056352
-2.2903240229
-2.2270323433
-2.2039305827
-2.1826337359
-2.1681728158
-2.1503188534
-2.1391710449
-2.1312936806
-2.1210532216
-2.1140377414
-2.1090569777
-2.0942538257
-2.0846156363
-2.0777282755
-2.0707948920
-2.0649499215
-2.0640417530
-2.0578578215
-2.0508990753
-2.0441762307
-2.0378269626
-2.0340979056
-2.0267652173
-2.0234721102
-2.0210846993
-2.0182588351
-2.0142926368
-2.0082690132
-2.0052851783
-2.0021036085
-1.9979656664
-1.9954440139
-1.9911267552
-1.9868093097
-1.9852198167
-1.9818162749
-1.9780287663
-1.9729792290
-1.9710853785
-1.9703904829
-1.9657486752
-1.9621181172
-1.9604403285
-1.9558834128
-1.9547635661
-1.9540009571
-1.9514737585
-1.9496974337
-1.9469179549
-1.9449826738
-1.9422133556
-1.9405007831
-1.9369077553
-1.9344071573
-1.9314484924
-1.9301484584
-1.9293645957
-1.9266747616
-1.9246992368
-1.9232706119
-1.9219482194
-1.9188840883
-1.9162420399
-1.9156206856
-1.9145333151
-1.9110159677
-1.9096299770
-1.9086790586
-1.9063711144
-1.9040058923
-1.9014383538
-1.8992843141
-1.8982675997
-1.8967865839
-1.8956505128
-1.8939389406
-1.8935602753
-1.8927297606
-1.8910963474
-1.8885456160
-1.8878483437
-1.8861862586
-1.8843470756
-1.8826348016
-1.8815610088
-1.8793415850
-1.8783076116
-1.8765698447
-1.8754640163
-1.8738893120
-1.8718406018
-1.8705492105
-1.8686195068
-1.8672069927
-1.8664426592
-1.8644669364
-1.8628074734
-1.8621233013
-1.8604789080
-2.4255690877
-2.3499640787
-2.3234401652
-2.2885143881
-2.2704690232
-2.2613631890
-2.2444936620
-2.2378782641
-2.2248644155
-2.2117352524
-2.2034778144
-2.1885009392
-2.1834905573
-2.1811837325
-2.1672807197
-2.1637120643
-2.1595243483
-2.1567616441
-2.1444020429
-2.1421705363
-2.1376966120
-2.1353892932
-2.1258259495
-2.1212052420
-2.1199640309
-2.1143108498
-2.1079604019
-2.1059844421
-2.1028833499
-2.1003116865
-2.0975418784
-2.0955923843
-2.0896711042
-2.0866346093
-2.0829485366
-2.0799300910
-2.0767915132
-2.0736571528
-2.0708281021
-2.0647530135
-2.0633389387
-2.0614511517
-2.0591338399
-2.0551840173
-2.0538903345
-2.0523836563
-2.0499957811
-2.0468869210
-2.0442280560
-2.0428033518
-2.0391085224
-2.0376546152
-2.0355829668
-2.0328737718
-2.0309841019
-2.0296273806
-2.0270159350
-2.0254267222
-2.0241274156
-2.0213314282
-2.0197854601
-2.0180111838
-2.0155989282
-2.0138437506
-2.0119067927
-2.0102963802
-2.0094581666
-2.0065817532
-2.0051846765
-2.0041989091
-2.0008459657
2.0013338956
2.0014751266
2.0022859061
2.0028848429
2.0033296589
2.0043112339
2.0047276661
2.0057769403
2.0063664749
2.0069103182
2.0077398075
2.0084117746
2.0090351322
2.0094915393
2.0109063280
2.0115993609
2.0124058414
2.0128724870
2.0141184715
2.0148365133
2.0157712728
2.0173756436
2.0177612022
2.0179046399
2.0192140007
2.0199091034
2.0205415012
2.0213277851
2.0225363435
-1.9507948829
-1.9278409509
-1.9101119470
-1.8985970306
-1.8904312962
-1.8829401683
-1.8752858169
-1.8678935945
-1.8535642135
-1.8391251986
-1.8318473413
-1.8264314100
-1.8215791320
-1.8130583796
-1.8093765683
-1.8043705762
-1.8023225909
-1.7981904211
-1.7953048067
-1.7902198139
-1.7854493337
-1.7825639107
-1.7782709692
-1.7752395828
-1.7716358291
-1.7686394992
-1.7676446028
-1.7656561491
-1.7632771596
-1.7595918730
-1.7584021448
-1.7579391437
-1.7534796850
-1.7517896853
-1.7491993164
-1.7469969143
-1.7464827656
-1.7435203906
-1.7419559969
-1.7397672394
-1.7361401615
-1.7345558401
-1.7317208238
-1.7306743925
-1.7289033008
-1.7268334148
-1.7241817629
-1.7237051310
-1.7206261289
-1.7192436926
-1.7176218827
-1.7157137718
-1.7132263279
-1.7114064812
-1.7097256707
-1.7084283008
-1.7068747913
-1.7058860878
-1.7044875303
-1.7026737375
-1.7014848193
-1.7003234270
-1.6987312969
-1.6972399362
1.6975449082
1.6976973318
1.6984576207
1.6995995318
1.6999643040
1.7008045995
1.7013620440
1.7021404743
1.7024248354
1.7030429807
1.7036830545
1.7044097386
1.7054525200
1.7057924553
1.7065345520
1.7071356238
1.7080435584
1.7084895709
1.7089982474
1.7096812183
1.7100096039
1.7106418199
1.7114678753
1.7117009312
1.7128049468
1.7134577258
1.7145538730
1.7150326411
1.7154992125
1.7165704545
1.7169176683
1.7173791397
1.7181795933
1.7188884449
1.7196731427
1.7204775421
-2.1210327287
-2.0563971945
-2.0366322166
-1.9934572150
-1.9879065864
-1.9774776297
-1.9650402727
-1.9577623498
-1.9372774738
-1.9251140263
-1.9227143703
-1.9150167009
-1.9115320918
-1.9037543179
-1.8998189936
-1.8954632982
-1.8907334171
-1.8829937557
-1.8785099597
-1.8698979808
-1.8662829854
-1.8622478463
-1.8588244954
-1.8543592869
-1.8523388235
-1.8495140092
-1.8477094548
-1.8437034753
-1.8414459857
-1.8369223255
-1.8343458645
-1.8311143246
-1.8298746333
-1.8275288853
-1.8246814198
-1.8226907128
-1.8204373418
-1.8165179557
-1.8145881351
-1.8127740335
-1.8106367161
-1.8098659548
-1.8085147280
-1.8035162738
-1.8024404903
-1.7994166286
-1.7958988047
-1.7930585997
-1.7918044920
-1.7913042387
-1.7877636736
-1.7860460402
-1.7833936099
-1.7823885457
-1.7795148002
-1.7777256786
-1.7764244792
-1.7757405065
-1.7750766728
-1.7724664908
-1.7713592659
-1.7687080291
-1.7673882580
-1.7653790270
-1.7640129264
-1.7632179246
-1.7620179687
-1.7580980045
-1.7577238796
-1.7550632290
-1.7536504713
-1.7523867955
-1.7508437976
-1.7489916294
-1.7476805560
-1.7460902697
-1.7451565466
-1.7441541438
-1.7435291638
-1.7415993370
-1.7404310476
-1.7382702865
-1.7371525784
-1.7357566487
-1.7343919198
-1.7333728384
-1.7320654487
-1.7317205795
-1.7293281576
-1.7274306243
-1.7270501632
-1.7258756345
-1.7252996432
-1.7238219390
-1.7229582279
-1.7219172826
-1.7203910128
-1.7191421594
-1.7175172262
-1.7164039635
-2.1804109866
-2.1438866828
-2.1078595269
-2.0815019971
-2.0683864043
-2.0592927576
-2.0436123654
-2.0329808414
-2.0261551886
-2.0207221135
-2.0069911781
-2.0034214998
-1.9969615564
-1.9892213917
-1.9855077604
-1.9780415633
-1.9752102397
-1.9685154762
-1.9614860221
-1.9600133040
-1.9570539604
-1.9504558946
-1.9487620833
-1.9454217295
-1.9442594055
-1.9383325144
-1.9368875597
-1.9297147613
-1.9279460711
-1.9227135736
-1.9207207209
-1.9184579073
-1.9160202475
-1.9154643400
-1.9111470430
-1.9092175864
-1.9068592036
-1.9027433445
-1.9013608449
-1.8968272790
-1.8941642541
-1.8924951795
-1.8910721165
-1.8879593556
-1.8858471928
-1.8824532391
-1.8804941263
-1.8789246052
-1.8770626072
-1.8756708290
-1.8742986059
-1.8725951370
-1.8705575177
-1.8693541406
-1.8674916034
-1.8658801767
-1.8635654561
-1.8629055152
-1.8597577101
-1.8584728633
-1.8548305539
-1.8539994681
-1.8532915089
-1.8511398849
-1.8504215590
-1.8480270874
-1.8462629688
-1.8444134690
-1.8436747203
-1.8424554000
-1.8397064224
-1.8385755065
-1.8367508724
-1.8359553626
-1.8350689330
-1.8331597498
-1.8318221733
-1.8305334652
-1.8296222687
-1.8290525059
-1.8272615534
-1.8264676408
-1.8247746589
-1.8231751219
-1.8216312955
-1.8203675143
-1.8180115680
-1.8169379653
-1.8159688052
-1.8147681325
-1.8142569050
-1.8118688398
-1.8113534779
-1.8105485688
-1.8095050601
-1.8082672182
1.8068636930
1.8071848505
1.8075653892
1.8080827464
-2.0595850400
-2.0416455727
-2.0223660230
-2.0024699174
-1.9968051130
-1.9820787327
-1.9793377416
-1.9686531334
-1.9616736465
-1.9577644117
-1.9519384474
-1.9457070147
-1.9405240792
-1.9347738890
-1.9324730497
-1.9313922620
-1.9271150922
-1.9192096421
-1.9172552692
-1.9137494163
-1.9098483345
-1.9080551009
-1.9018798265
-1.8993571107
-1.8950376292
-1.8923131757
-1.8910521900
-1.8890967204
-1.8857040245
-1.8849462217
-1.8805200506
-1.8771307366
-1.8758784857
-1.8745671010
-1.8729681588
-1.8700131036
-1.8688871915
-1.8663730418
-1.8627406262
-1.8613563368
-1.8586771647
-1.8552816657
-1.8538575337
-1.8531496886
-1.8516335976
-1.8499605939
-1.8486957905
-1.8471835675
-1.8455647074
-1.8438643401
-1.8423346722
-1.8384462991
-1.8369318472
-1.8340144954
-1.8329204393
-1.8311947127
-1.8292679147
-1.8279424376
-1.8263329397
-1.8247211488
-1.8239095578
-1.8232818576
-1.8217347859
-1.8208015213
-1.8179793066
-1.8174215947
-1.8163892016
-1.8151046531
-1.8138910017
-1.8123180962
-1.8115449219
-1.8109800120
-1.8091580903
-1.8086801454
-1.8073953328
-1.8063192912
-1.8054764725
-1.8037836540
-1.8028077840
-1.8012370552
-1.8002037844
1.7989107633
1.7991287505
1.7997371212
1.8000414185
1.8006275140
1.8014487731
1.8020869449
1.8026215988
1.8038383172
1.8042488657
1.8046232479
1.8048844337
1.8061214914
1.8066647095
1.8069282424
1.8079423650
1.8083506219
1.8089733836
1.8097828547
-2.2581127429
-2.1847373884
-2.1612336171
-2.1414535363
-2.1204478633
-2.1042026039
-2.0921347117
-2.0764743022
-2.0681799905
-2.0661429279
-2.0534479795
-2.0439415716
-2.0385088706
-2.0282135086
-2.0246919577
-2.0239269066
-2.0225461435
-2.0105042959
-2.0068929798
-1.9998188041
-1.9952457238
-1.9918321838
-1.9879557989
-1.9857314981
-1.9802540543
-1.9761441130
-1.9743632523
-1.9708401174
-1.9672326348
-1.9639488012
-1.9612649302
-1.9606100921
-1.9560946371
-1.9537958811
-1.9519727968
-1.9493805849
-1.9472356554
-1.9453027333
-1.9407798415
-1.9377299969
-1.9361476769
-1.9340403312
-1.9315576493
-1.9276969500
-1.9256240455
-1.9234426202
-1.9190593515
-1.9181995403
-1.9160030355
-1.9137240236
-1.9129910889
-1.9100675330
-1.9086932596
-1.9067847088
-1.9044178513
-1.9032203761
-1.9005421464
-1.8991935930
-1.8975463829
-1.8952664941
-1.8935614761
-1.8922348766
-1.8895719913
-1.8886840763
-1.8871315122
-1.8851333716
-1.8843536242
-1.8832242363
-1.8817478688
-1.8806943241
-1.8781830907
-1.8768816473
-1.8750630395
-1.8734922652
-1.8719123530
-1.8701106014
-1.8697726645
-1.8675152258
-1.8665104520
-1.8660298597
-1.8631019797
-1.8625130442
-1.8611465330
-1.8586835431
-1.8575173311
-1.8560224124
-1.8541113192
-1.8527062999
-1.8521150381
-1.8510138968
-1.8497166514
-1.8483920521
-1.8467211760
-1.8459451592
-1.8443471163
-1.8437645461
-1.8425018509
-1.8407535897
-1.8397378982
-1.8390484200
-1.9080132315
-1.8426642739
-1.8157496807
-1.8072832652
-1.7841113103
-1.7793376874
-1.7537082547
-1.7464322459
-1.7410385444
-1.7321316263
-1.7212153618
-1.7204787117
-1.7164601965
-1.7141203809
-1.7103596870
-1.7047440160
-1.6977351681
-1.6912289501
-1.6881540571
-1.6856346875
-1.6796841237
-1.6742949847
-1.6710001272
-1.6646760172
-1.6605791708
-1.6591922004
-1.6566145194
-1.6542578325
-1.6530273045
-1.6503594176
-1.6493375611
-1.6457232004
-1.6440931425
-1.6398303078
-1.6369122554
-1.6360070633
-1.6334447427
-1.6303941161
-1.6292236204
-1.6274156574
-1.6259565048
-1.6246253223
-1.6234000804
-1.6203855951
-1.6190689679
-1.6170907359
-1.6154009092
-1.6141334988
1.6131376923
1.6136657838
1.6144317366
1.6149384386
1.6151530145
1.6161003985
1.6165772792
1.6176433190
1.6179835250
1.6181265096
1.6185269337
1.6193736323
1.6200931505
1.6208297727
1.6212882558
1.6220448567
1.6228837997
1.6231698760
1.6237688862
1.6239998387
1.6249155424
1.6256869136
1.6265129828
1.6268878245
1.6275319892
1.6281297197
1.6286710196
1.6292318084
1.6300789118
1.6307218263
1.6312462911
1.6323739835
1.6329710626
1.6334418998
1.6340459811
1.6345509035
1.6350860133
1.6358524381
1.6366340814
1.6374632903
1.6381936580
1.6384949653
1.6393608780
1.6400175340
1.6403744937
1.6413402027
1.6417852077
1.6425841202
1.6432070806
1.6443367465
1.6450281375
1.6456292966
-2.4430293445
-2.3664820591
-2.3055103385
-2.2949615136
-2.2784368274
-2.2450648967
-2.2283533833
-2.2230637962
-2.2167739453
-2.1942785569
-2.1931646152
-2.1768283793
-2.1683421158
-2.1643764750
-2.1539548456
-2.1475461828
-2.1453175253
-2.1412518593
-2.1307067544
-2.1258489862
-2.1219637457
-2.1151774263
-2.1119315175
-2.1074578236
-2.1040638908
-2.0963519049
-2.0881311099
-2.0846268598
-2.0790689263
-2.0766490302
-2.0745777091
-2.0706547104
-2.0683003372
-2.0644150522
-2.0622801574
-2.0591440868
-2.0534554474
-2.0490973242
-2.0455146413
-2.0408935498
-2.0401195958
-2.0379410045
-2.0350381341
-2.0300722718
-2.0291245770
-2.0254973133
-2.0223932744
-2.0211434646
-2.0184739078
-2.0164998826
-2.0127041461
-2.0104039601
-2.0069693924
-2.0063022753
-2.0022273318
-2.0010520288
-1.9993918526
-1.9987021131
-1.9961930137
-1.9953954515
-1.9942777522
-1.9905836654
-1.9868264404
-1.9863699595
-1.9851946995
-1.9823133204
-1.9806888020
-1.9785138747
-1.9773336688
-1.9727401700
-1.9716894344
-1.9697794900
-1.9687078905
-1.9671143872
-1.9638798984
-1.9627687876
-1.9593216067
-1.9575860168
-1.9573336135
-1.9559925254
-1.9544287036
-1.9512238999
-1.9502253366
-1.9490324136
-1.9480443161
-1.9454527557
-1.9434185725
-1.9419146987
-1.9399398923
-1.9390175399
-1.9378186621
-1.9361918121
-1.9355802813
-1.9338462947
-1.9323741874
-1.9303172047
-1.9292883282
-1.9278482945
-1.9265815590
-1.9257973265
-2.2974212076
-2.2500301647
-2.2041575083
-2.1994935541
-2.1626528216
-2.1536497840
-2.1464318988
-2.1192182626
-2.1172688991
-2.1086173278
-2.0988541955
-2.0934427113
-2.0875634291
-2.0798256052
-2.0706966930
-2.0667306397
-2.0603759679
-2.0594344015
-2.0525938943
-2.0476668192
-2.0427849713
-2.0396116634
-2.0389798333
-2.0320817234
-2.0285796183
-2.0244312625
-2.0216240089
-2.0161378388
-2.0139904496
-2.0108032995
-2.0080722711
-2.0030286858
-2.0005132451
-1.9969586189
-1.9950925882
-1.9939822473
-1.9897187994
-1.9849872264
-1.9836411924
-1.9803850161
-1.9787599418
-1.9768515870
-1.9750141274
-1.9734579089
-1.9697433527
-1.9681655874
-1.9650333604
-1.9643516016
-1.9628483328
-1.9586535045
-1.9571485711
-1.9559508428
-1.9527282934
-1.9517061834
-1.9503047259
-1.9483430730
-1.9461223500
-1.9424761283
-1.9409962440
-1.9381984948
-1.9363028057
-1.9347072802
-1.9335028398
-1.9309272764
-1.9298735764
-1.9290936933
-1.9275323510
-1.9259163722
-1.9246627811
-1.9234628231
-1.9210844324
-1.9189945354
-1.9181600886
-1.9157328987
-1.9148629181
-1.9129692328
-1.9121697520
-1.9105458333
-1.9092518027
-1.9078827874
-1.9073273398
-1.9039656965
-1.9037211499
-1.9023393022
-1.9006546897
-1.8996995928
-1.8979274378
-1.8964772540
-1.8954786038
-1.8942315518
-1.8928586837
-1.8916834741
-1.8909612704
-1.8902084831
-1.8887780328
-1.8883550555
-1.8861679674
-1.8846828609
-1.8825307009
-1.8820552261
-2.1194468742
-2.0360368612
-2.0284995828
-1.9928485096
-1.9804718940
-1.9540212776
-1.9496299527
-1.9376066482
-1.9295179297
-1.9217596611
-1.9085115508
-1.9049316839
-1.8982107396
-1.8922694188
-1.8844904621
-1.8798604092
-1.8720283178
-1.8640819797
-1.8610618180
-1.8575442947
-1.8534051913
-1.8495039908
-1.8465745356
-1.8419285755
-1.8383613118
-1.8342343705
-1.8306272401
-1.8282332384
-1.8252892690
-1.8234114019
-1.8213624468
-1.8197394207
-1.8157051835
-1.8111717919
-1.8105693264
-1.8054088891
-1.8016440863
-1.7991335627
-1.7965989074
-1.7919872821
-1.7882184824
-1.7876957642
-1.7835966073
-1.7821716761
-1.7782252173
-1.7761536133
-1.7743956631
-1.7733188817
-1.7724085799
-1.7705914379
-1.7680049906
-1.7673524573
-1.7650134648
-1.7637753729
-1.7613117298
-1.7594210928
-1.7570111450
-1.7560910527
-1.7534883313
-1.7528202945
-1.7515869630
-1.7491343571
-1.7474956534
-1.7461554820
-1.7428625863
-1.7415386577
-1.7403012747
-1.7388785470
-1.7373296004
-1.7355979548
-1.7341753348
-1.7327174114
-1.7311280344
-1.7299783269
-1.7286479228
-1.7274988121
-1.7256938394
-1.7253956796
-1.7237870019
-1.7225627508
-1.7210401994
-1.7189350338
-1.7172076369
-1.7158442357
-1.7150981698
-1.7139242977
-1.7117619653
-1.7103641266
-1.7084756065
-1.7082071118
-1.7070525341
-1.7057845208
-1.7044350590
-1.7041587083
-1.7028093906
-1.7016903165
-1.7003610915
-1.6988617778
-1.6984061405
-1.6974268744
-2.0982712589
-2.0285019494
-2.0103872781
-1.9913655403
-1.9586522358
-1.9495215220
-1.9441144060
-1.9351078836
-1.9169722266
-1.9092128028
-1.9005563776
-1.8946603969
-1.8873215919
-1.8823043919
-1.8781346027
-1.8726586981
-1.8677847118
-1.8628838501
-1.8508938389
-1.8472667329
-1.8453812374
-1.8425658190
-1.8373756718
-1.8320595390
-1.8287884703
-1.8260890588
-1.8204060476
-1.8162153203
-1.8145445950
-1.8133435405
-1.8090368315
-1.8070152728
-1.8027818639
-1.8010898510
-1.7989757843
-1.7967812076
-1.7940928567
-1.7909189336
-1.7903461073
-1.7878566085
-1.7824880534
-1.7806475650
-1.7793202963
-1.7766229385
-1.7747964104
-1.7724138325
-1.7696465868
-1.7672678355
-1.7667308226
-1.7631968021
-1.7592599219
-1.7582997940
-1.7558981260
-1.7552125820
-1.7524618815
-1.7512017477
-1.7492555830
-1.7471208951
-1.7457677254
-1.7442500167
-1.7421563102
-1.7405897739
-1.7395013820
-1.7380346746
-1.7367017134
-1.7353579632
-1.7335814692
-1.7311711776
-1.7300520396
-1.7274277888
-1.7257657798
-1.7241054848
-1.7237173457
-1.7223600210
-1.7201557693
-1.7196315787
-1.7183027347
-1.7167082314
-1.7153174720
-1.7143130830
-1.7128325374
-1.7115130806
-1.7095496070
-1.7094748855
-1.7070626427
-1.7055786324
-1.7046839778
-1.7036250764
-1.7021861366
-1.7019393567
-1.7002791956
-1.6992378490
-1.6987312368
-1.6974014394
-1.6960551504
-1.6945867627
-1.6931339160
-1.6918844180
-1.6911112583
-1.6904988968
-1.9977777056
-1.9728600741
-1.9467104259
-1.9314926435
-1.9193983221
-1.9088738951
-1.9032528481
-1.8913330341
-1.8869086243
-1.8793303751
-1.8744345679
-1.8628119670
-1.8602276979
-1.8588341721
-1.8519072166
-1.8493187214
-1.8445955972
-1.8387025785
-1.8356639167
-1.8339504279
-1.8309358746
-1.8284543697
-1.8237383888
-1.8186616406
-1.8165621797
-1.8149883942
-1.8138734986
-1.8125286901
-1.8071871201
-1.8024384159
-1.7985451477
-1.7974243083
-1.7946746872
-1.7921307523
-1.7902012972
-1.7869633230
-1.7860216093
-1.7843379073
-1.7835118063
-1.7825253028
-1.7774007599
-1.7761820932
-1.7746049943
-1.7723955553
-1.7719560495
-1.7692817472
-1.7670971806
-1.7661629593
-1.7641732998
-1.7637087069
-1.7618140783
-1.7599782632
-1.7582811710
-1.7571359457
-1.7558917493
-1.7530540490
-1.7514547682
-1.7504653817
-1.7486977696
-1.7475642552
-1.7447761156
-1.7428990891
-1.7422159292
-1.7411510163
-1.7407402782
-1.7394274629
-1.7379726248
-1.7359715851
-1.7352945479
-1.7343772574
-1.7335962428
-1.7311243666
-1.7302039078
-1.7294361026
-1.7279197817
-1.7274676146
-1.7251898941
-1.7232624360
-1.7223345411
-1.7214003571
-1.7204244914
-1.7199413237
-1.7186004350
1.7187498054
1.7196517711
1.7204096234
1.7208173288
1.7211848922
1.7217370098
1.7228974794
1.7234063667
1.7239373648
1.7246359858
1.7254390290
1.7257298926
1.7265919051
1.7271270570
1.7275684949
1.7282879809
1.7286447139
-1.9622130798
-1.9337409198
-1.9046554784
-1.8806558981
-1.8732440426
-1.8633890886
-1.8518479461
-1.8396294877
-1.8357727931
-1.8320949059
-1.8226368716
-1.8202416317
-1.8135730625
-1.8082630868
-1.8048566231
-1.8009166941
-1.7986261315
-1.7906975379
-1.7891783870
-1.7866540017
-1.7805280072
-1.7791174717
-1.7751107504
-1.7712257963
-1.7686406705
-1.7655576659
-1.7613656002
-1.7595075214
-1.7572179714
-1.7548592644
-1.7524780584
-1.7512656569
-1.7494261325
-1.7471959019
-1.7422348400
1.7417588250
1.7421256363
1.7426197108
1.7431788278
1.7436592640
1.7446871389
1.7451802113
1.7457029100
1.7461159887
1.7469618339
1.7474650651
1.7481293429
1.7486442866
1.7492234156
1.7496454416
1.7502026339
1.7505828582
1.7510558761
1.7520696502
1.7531135970
1.7532625166
1.7537962213
1.7544961622
1.7550143201
1.7554555245
1.7557753011
1.7567710560
1.7573552375
1.7578865887
1.7581778760
1.7590332027
1.7593991047
1.7600104777
1.7605939236
1.7609451747
1.7619887527
1.7629868083
1.7636105757
1.7642940461
1.7644146117
1.7650310860
1.7659919716
1.7666012503
1.7668575690
1.7679828064
1.7681571180
1.7689858961
1.7701064831
1.7705704696
1.7711647675
1.7721173492
1.7724112426
1.7734470896
1.7739019528
1.7750198313
1.7755174322
1.7758063281
1.7764714881
1.7770084584
1.7774074050
1.7781913660
1.7786870677
1.7794559218
1.7806014109
1.7810249400
-2.3883309137
-2.2759629869
-2.2657887207
-2.2360582250
-2.2079316664
-2.1808273394
-2.1640011436
-2.1531035190
-2.1422670526
-2.1270274050
-2.1186842312
-2.1129490459
-2.1080301741
-2.0974271813
-2.0928756784
-2.0878885005
-2.0786682895
-2.0667171426
-2.0648858251
-2.0575386522
-2.0530385386
-2.0484615643
-2.0445435542
-2.0379070946
-2.0345481447
-2.0278236640
-2.0239187994
-2.0209825044
-2.0167337943
-2.0121970981
-2.0076795138
-2.0017341181
-1.9993799490
-1.9953734464
-1.9926155523
-1.9901760917
-1.9862132266
-1.9822725061
-1.9802329283
-1.9770878750
-1.9733875548
-1.9699131887
-1.9671378716
-1.9656305958
-1.9643173758
-1.9613480515
-1.9594318305
-1.9576311010
-1.9561991190
-1.9531945643
-1.9505918123
-1.9480863258
-1.9443020653
-1.9405724470
-1.9382963211
-1.9374579036
-1.9345801516
-1.9317556003
-1.9294570280
-1.9275899341
-1.9237820057
-1.9225206142
-1.9208547905
-1.9198700763
-1.9176187106
-1.9164826706
-1.9140098099
-1.9117260418
-1.9106653142
-1.9088669401
-1.9066361728
-1.9047686500
-1.9024731942
-1.9003128189
-1.8985847322
-1.8976099193
-1.8948976848
-1.8930896572
-1.8910673258
-1.8900994104
-1.8883567653
-1.8867174248
-1.8852278178
-1.8835702314
-1.8828906310
-1.8793172825
-1.8786524405
-1.8771624688
-1.8754860639
-1.8728133455
-1.8720784811
-1.8703429730
-1.8697193096
-1.8682312413
-1.8677219531
-1.8662676732
-1.8645119246
-1.8633808025
-1.8628646078
-1.8605401638
-2.5773945757
-2.4819427587
-2.4460028833
-2.4155554935
-2.3863554670
-2.3756627685
-2.3555103691
-2.3408809758
-2.3265614730
-2.3147665440
-2.3076669994
-2.2987937927
-2.2900715277
-2.2790173708
-2.2701869544
-2.2630148894
-2.2578348420
-2.2522833902
-2.2439199338
-2.2424948901
-2.2385223393
-2.2271965149
-2.2264645391
-2.2212291363
-2.2194888731
-2.2073497771
-2.2034259235
-2.1985653238
-2.1934061219
-2.1912531429
-2.1835355430
-2.1823171991
-2.1767223934
-2.1748671693
-2.1703780502
-2.1691717729
-2.1666595848
-2.1620079469
-2.1582784039
-2.1553589598
-2.1501868120
-2.1489123111
-2.1441913680
-2.1428053671
-2.1381868650
-2.1344662149
-2.1317610132
-2.1295067734
-2.1276584313
-2.1270126275
-2.1231050209
-2.1219875117
-2.1183969938
-2.1157556886
-2.1146302077
-2.1101877854
-2.1054297104
-2.1035492566
-2.1013211360
-2.0997380197
-2.0964014044
-2.0945716445
-2.0936941568
-2.0921195058
-2.0899684968
-2.0879071988
-2.0862765035
-2.0855880721
-2.0833906617
-2.0815971280
-2.0800117362
-2.0783002646
-2.0750409271
-2.0714782632
-2.0699131536
-2.0692455967
-2.0678733365
-2.0666509857
-2.0654323689
-2.0613427258
-2.0593934449
-2.0579471424
-2.0551777611
-2.0546062358
-2.0537179945
-2.0525961076
-2.0495502173
-2.0483191102
-2.0470214353
-2.0443079021
-2.0428783832
-2.0418774244
-2.0388834108
-2.0382592322
-2.0369392176
-2.0351304303
-2.0342588351
-2.0326559572
-2.0323055304
-2.0314337713
-2.0776951764
-2.0212868729
-1.9989210951
-1.9727075184
-1.9704566393
-1.9452688026
-1.9383002234
-1.9281092075
-1.9227714469
-1.9193649121
-1.9125727942
-1.8983212726
-1.8938164999
-1.8904459366
-1.8848567862
-1.8747824831
-1.8733405912
-1.8678297385
-1.8657961619
-1.8614696580
-1.8610464993
-1.8570487665
-1.8531437597
-1.8503154092
-1.8473545692
-1.8432103633
-1.8380350751
-1.8366247702
-1.8316884972
-1.8303457527
-1.8289361493
-1.8277050961
-1.8238659874
-1.8211251911
-1.8178191767
-1.8173874606
-1.8156723149
-1.8134624427
-1.8111387036
-1.8079425285
-1.8042658902
-1.8036410167
-1.8019883938
-1.7984440236
-1.7960876846
-1.7950026494
-1.7929902995
-1.7913724563
-1.7890763868
-1.7876453641
-1.7859941578
-1.7844679978
-1.7829885641
-1.7803757164
-1.7795502467
-1.7786179396
-1.7768300444
-1.7739718105
-1.7719299797
-1.7714891479
-1.7691584833
-1.7677073374
-1.7664768344
-1.7646549177
-1.7632189757
-1.7624688237
-1.7607434239
-1.7598526981
-1.7585075630
-1.7569105347
-1.7562613759
-1.7550606175
-1.7531742440
-1.7521386611
-1.7504891219
-1.7497746380
-1.7484328667
-1.7464441777
-1.7457996451
-1.7445029483
-1.7435259393
-1.7420430093
-1.7413740663
-1.7398666678
-1.7386593073
-1.7372404222
-1.7357108062
-1.7352717240
-1.7335317833
-1.7327270028
-1.7314932674
-1.7299623296
-1.7290233101
-1.7285301992
-1.7275534679
-1.7256766948
-1.7248611288
-1.7233047353
-1.7225773571
-1.7222175625
-2.0735656861
-2.0476797402
-2.0232857241
-2.0063649838
-1.9996109350
-1.9808714681
-1.9758345357
-1.9638632336
-1.9558811822
-1.9515008418
-1.9421385329
-1.9386263406
-1.9313216397
-1.9280997260
-1.9265354790
-1.9165507263
-1.9125654141
-1.9113699810
-1.9053900193
-1.9024940727
-1.8968494224
-1.8926950569
-1.8883549880
-1.8853348840
-1.8831107604
-1.8784913357
-1.8761274265
-1.8741341398
-1.8703252264
-1.8671658068
-1.8644496392
-1.8607059820
-1.8587073045
-1.8557283068
-1.8536161868
-1.8518785119
-1.8490240028
-1.8474300633
-1.8452342403
-1.8415371114
-1.8398268917
-1.8361300198
-1.8350368331
-1.8322554140
-1.8314178151
-1.8284405757
-1.8272167422
-1.8250404738
-1.8242817825
-1.8216499251
-1.8198728300
-1.8194250202
-1.8172578124
-1.8148824044
-1.8138358937
-1.8119750247
-1.8091333614
-1.8074176089
-1.8067269447
-1.8054316800
-1.8032795985
-1.7999891304
-1.7988630173
-1.7978112711
-1.7968571464
-1.7952070956
-1.7942913883
-1.7924030436
-1.7908656735
-1.7892473854
-1.7884465875
-1.7880323256
-1.7860302247
-1.7852254206
-1.7843392315
-1.7814519685
-1.7805550328
-1.7783754844
-1.7773694617
-1.7763869425
-1.7758648617
-1.7741658962
-1.7735197175
-1.7725783368
-1.7709124123
-1.7697381156
-1.7686586285
-1.7677895273
-1.7669081592
-1.7650378124
-1.7633642129
-1.7626088969
-1.7615387984
-1.7605704065
-1.7597001704
-1.7578964994
-1.7571056855
-1.7562267167
-1.7551874467
-1.7537005426
-2.2900676374
-2.2238461188
-2.1969491770
-2.1770668599
-2.1495913453
-2.1457051457
-2.1352312898
-2.1228966491
-2.1215813695
-2.1115947189
-2.1020679858
-2.0945637092
-2.0925551461
-2.0793567751
-2.0745503261
-2.0680129488
-2.0664122156
-2.0601863902
-2.0544484053
-2.0540119178
-2.0454187671
-2.0432777606
-2.0398004872
-2.0377378564
-2.0342032392
-2.0304193950
-2.0290096036
-2.0195899973
-2.0176727178
-2.0151538128
-2.0131240535
-2.0096766873
-2.0078684602
-2.0036800165
-2.0000517169
-1.9970380229
-1.9955408341
-1.9925708391
-1.9904939794
-1.9893554327
-1.9879699373
-1.9849155486
-1.9835122858
-1.9818054130
-1.9765038683
-1.9752886416
-1.9719626730
-1.9703189825
-1.9677789085
-1.9672567943
-1.9655492573
-1.9646859807
-1.9626514969
-1.9600760474
-1.9595856636
-1.9570960984
-1.9553908644
-1.9539492184
-1.9515757604
-1.9498867924
-1.9455713217
-1.9443876885
-1.9435500349
-1.9420171543
-1.9411720612
-1.9403229895
-1.9395814558
-1.9366186139
-1.9346729639
-1.9329916163
-1.9318802374
-1.9303098570
-1.9284889128
-1.9274765120
-1.9252196206
-1.9238815536
-1.9227927614
-1.9213859359
-1.9210394266
-1.9181876158
-1.9172716489
-1.9167424559
-1.9144100811
-1.9138630865
-1.9131231678
-1.9113094345
-1.9095117877
-1.9093410506
-1.9078433566
-1.9061921353
-1.9055486535
-1.9049969077
-1.9038883468
-1.9020926031
-1.9008132155
-1.8998683128
-1.8992313256
-1.8979597787
-1.8963609051
-1.8951659257
-2.2582255663
-2.1959294074
-2.1579978462
-2.1321391785
-2.1243309115
-2.0958350754
-2.0898480144
-2.0678264589
-2.0591635537
-2.0533535983
-2.0501979049
-2.0338990131
-2.0278650809
-2.0215909338
-2.0166146024
-2.0081216690
-1.9985954202
-1.9957343515
-1.9909348598
-1.9870747673
-1.9791849884
-1.9768550691
-1.9729737694
-1.9644008318
-1.9604475670
-1.9581045949
-1.9533167379
-1.9513072950
-1.9492416602
-1.9428809364
-1.9400654633
-1.9389119412
-1.9319251251
-1.9282675640
-1.9255031089
-1.9222559186
-1.9213656215
-1.9177322406
-1.9163348184
-1.9131834327
-1.9093856163
-1.9071154016
-1.9040811394
-1.9006399873
-1.8987800866
-1.8957512739
-1.8943245356
-1.8930419424
-1.8899148428
-1.8881384638
-1.8860853468
-1.8839664644
-1.8816265348
-1.8794596673
-1.8760556092
-1.8752700099
-1.8730569438
-1.8716584236
-1.8676945174
-1.8668529922
-1.8650241651
-1.8620861626
-1.8601992318
-1.8593375515
-1.8576036074
-1.8541878483
-1.8531817985
-1.8513222040
-1.8494865124
-1.8479932612
-1.8461427560
-1.8446564870
-1.8432077222
-1.8400002070
-1.8392855866
-1.8381910111
-1.8373731578
-1.8360671951
-1.8348583413
-1.8334346842
-1.8316978708
-1.8304509928
-1.8288370134
-1.8271940902
-1.8246954880
-1.8242648303
-1.8215639581
-1.8204534514
-1.8202060999
-1.8185891414
-1.8175529814
-1.8153952340
-1.8141963791
-1.8135543825
-1.8121174003
-1.8095397074
1.8093069704
1.8100769607
1.8108634766
1.8118961382
-2.4221787271
-2.3157375331
-2.2659528788
-2.2352942960
-2.2142100767
-2.1909238232
-2.1852536299
-2.1652556262
-2.1479861502
-2.1405700341
-2.1269408189
-2.1157383617
-2.1148444977
-2.1027425444
-2.0975039194
-2.0885754696
-2.0800942425
-2.0719759467
-2.0689159236
-2.0607246735
-2.0546923743
-2.0468997534
-2.0451944561
-2.0368362471
-2.0348985097
-2.0277950857
-2.0243432646
-2.0189139228
-2.0152224273
-2.0105052248
-2.0054004896
-2.0019612091
-1.9985831107
-1.9940323245
-1.9889071948
-1.9859470119
-1.9840314781
-1.9786573564
-1.9737332299
-1.9721537785
-1.9691906918
-1.9659931611
-1.9642028361
-1.9586188357
-1.9551641178
-1.9532083638
-1.9509253110
-1.9494466392
-1.9470647385
-1.9444749887
-1.9416526503
-1.9380833792
-1.9362219353
-1.9357870301
-1.9306981396
-1.9277423184
-1.9257252595
-1.9241652180
-1.9205172614
-1.9192930768
-1.9166387063
-1.9158441829
-1.9138547724
-1.9118147153
-1.9085308533
-1.9071453018
-1.9042555892
-1.9011875312
-1.9002942333
-1.8986544549
-1.8970973944
-1.8951863585
-1.8927646994
-1.8919356422
-1.8894336163
-1.8871043999
-1.8863389689
-1.8846446322
-1.8816797272
-1.8789449963
-1.8785399351
-1.8765281428
-1.8752816176
-1.8726558486
-1.8711659588
-1.8692313466
-1.8678310001
-1.8666521329
-1.8641573398
-1.8629386011
-1.8617127074
-1.8603370985
-1.8587909431
-1.8576669565
-1.8558006608
-1.8533083484
-1.8529118048
-1.8517341865
-1.8508425854
-1.8485959935
-1.8844454813
-1.8467362805
-1.8300066434
-1.8132705218
-1.7998348199
-1.7925141333
-1.7828294703
-1.7780712324
-1.7679946711
-1.7599473397
-1.7544867891
-1.7530753527
-1.7486716574
-1.7426057316
-1.7398254012
-1.7302084179
-1.7290173575
-1.7265936154
-1.7248508140
-1.7220613004
-1.7182035401
-1.7145689646
-1.7135150558
-1.7111029748
-1.7074534518
-1.7028614081
-1.7021845936
1.7009130551
1.7018800284
1.7021219672
1.7027029460
1.7031198249
1.7039071456
1.7040520460
1.7049940799
1.7054201779
1.7060807609
1.7063576656
1.7070077864
1.7076297073
1.7084395747
1.7090800807
1.7096499408
1.7099632690
1.7106523514
1.7112420352
1.7117949877
1.7124709743
1.7129887551
1.7138522913
1.7142173412
1.7145646506
1.7154691810
1.7158423117
1.7165738886
1.7173463341
1.7175101180
1.7183503686
1.7190439561
1.7198493883
1.7200117385
1.7206899434
1.7211715083
1.7214237785
1.7223699501
1.7228720795
1.7239685959
1.7242766990
1.7249785715
1.7254778192
1.7258516548
1.7270686180
1.7277469124
1.7281083917
1.7282626779
1.7291062100
1.7298111472
1.7303991099
1.7315632300
1.7320966743
1.7331382612
1.7337029825
1.7340228368
1.7348891286
1.7354123823
1.7366978998
1.7370757755
1.7376112842
1.7381730963
1.7385882048
1.7394246627
1.7405356743
1.7410576800
1.7416213715
1.7423907527
1.7426536372
1.7435304537
1.7443113660
1.7449037824
1.7459963674
-2.1022062753
-2.0756093123
-2.0508433060
-2.0282410333
-2.0081056196
-1.9987468558
-1.9907652491
-1.9786328999
-1.9766178059
-1.9675732966
-1.9606592771
-1.9524943724
-1.9458768076
-1.9449782423
-1.9348627239
-1.9341141053
-1.9251874387
-1.9233691488
-1.9179757900
-1.9151747507
-1.9057931522
-1.9026502727
-1.8979768454
-1.8957208568
-1.8913439931
-1.8847915314
-1.8816604436
-1.8783444640
-1.8758981190
-1.8727182539
-1.8717957802
-1.8679851591
-1.8655426890
-1.8625459000
-1.8607520217
-1.8584437949
-1.8537846383
-1.8531047270
-1.8506564843
-1.8468521487
-1.8443227687
-1.8417358478
-1.8392175820
-1.8365784340
-1.8337083195
-1.8309951393
-1.8293088033
-1.8282127336
-1.8249789704
-1.8241507765
-1.8217576824
-1.8200780332
-1.8192743819
-1.8173514563
-1.8161001967
-1.8150005561
-1.8138126304
-1.8125413669
-1.8111965426
-1.8094589225
-1.8073357839
-1.8066379023
-1.8043210267
-1.8030750989
-1.8004888718
-1.7993829745
-1.7982476500
-1.7974699067
-1.7968472936
-1.7950150913
-1.7934782804
-1.7920727041
-1.7905898409
-1.7893764910
-1.7866961934
-1.7853069986
-1.7836826702
-1.7819738016
-1.7811643785
-1.7797143534
-1.7777901817
-1.7768711287
-1.7760274426
-1.7744129603
-1.7733814643
-1.7718130503
-1.7706710729
-1.7685709778
-1.7673833866
-1.7662332403
-1.7649177383
-1.7631346612
-1.7624386976
-1.7612687041
-1.7604516784
-1.7581465686
-1.7576925405
-1.7568693265
-1.7552436057
-1.7541638581
-2.1387372471
-2.0912096800
-2.0672809501
-2.0462926964
-2.0275753917
-2.0199910679
-2.0045583982
-1.9967330259
-1.9897925674
-1.9818059174
-1.9741069806
-1.9719018776
-1.9663303743
-1.9567152965
-1.9497763003
-1.9444922616
-1.9406117543
-1.9361514209
-1.9316735167
-1.9305763059
-1.9279530977
-1.9258530155
-1.9196944268
-1.9179202456
-1.9117056848
-1.9106924286
-1.9069079945
-1.9058288345
-1.9028157842
-1.8995346145
-1.8984937730
-1.8936982768
-1.8898670041
-1.8879086737
-1.8865930295
-1.8821546255
-1.8813617129
-1.8791573607
-1.8763750950
-1.8722401094
-1.8711256509
-1.8684006521
-1.8674100777
-1.8654970100
-1.8640643215
-1.8615518776
-1.8606847428
-1.8591185223
-1.8586062448
-1.8564371782
-1.8544371158
-1.8522828763
-1.8505026452
-1.8498703356
-1.8461600479
-1.8444185378
-1.8415150730
-1.8407071099
-1.8395869727
-1.8382241100
-1.8369035176
1.8369149495
1.8374844274
1.8385180245
1.8391890798
1.8396076657
1.8402043858
1.8407836791
1.8416453795
1.8419342308
1.8425483572
1.8434864676
1.8440121229
1.8450562678
1.8452163733
1.8457796035
1.8468098416
1.8475037727
1.8479882885
1.8481961024
1.8487714737
1.8497245788
1.8505279987
1.8514969960
1.8521389688
1.8529106004
1.8540895358
1.8548468783
1.8555370875
1.8561578931
1.8565512776
1.8572676614
1.8580568568
1.8588406824
1.8596576906
1.8601040364
1.8609447393
1.8614089800
1.8621001107
1.8629294481
-2.0252853166
-1.9575038811
-1.9360959336
-1.9204569717
-1.8926219196
-1.8839791136
-1.8711373766
-1.8642976229
-1.8510636468
-1.8462387844
-1.8361754387
-1.8327861107
-1.8273231198
-1.8215397043
-1.8147445156
-1.8108476497
-1.8070002180
-1.7970766344
-1.7904107358
-1.7897721462
-1.7868328448
-1.7820317821
-1.7787600186
-1.7746830507
-1.7715559960
-1.7679092404
-1.7648260266
-1.7620262500
-1.7588702616
-1.7577235694
-1.7548107129
-1.7510694598
-1.7493777187
-1.7445230395
-1.7428406353
-1.7395321799
-1.7386884770
-1.7371626518
-1.7341318889
-1.7318592221
-1.7289448390
-1.7264823051
-1.7241753463
-1.7227946019
-1.7211581820
-1.7179680854
-1.7163281629
-1.7148516323
-1.7096084595
-1.7083824991
-1.7061121439
-1.7045712936
-1.7038882980
-1.7030480426
-1.7013895990
-1.6993827738
-1.6976238423
-1.6962222679
-1.6951952736
-1.6946171697
-1.6916784264
-1.6904218140
-1.6881896622
-1.6870206901
-1.6861664724
-1.6854726896
-1.6837160645
-1.6813354731
-1.6798283245
-1.6782742104
-1.6769622428
-1.6756077412
-1.6741275005
-1.6731867334
-1.6711611092
-1.6699327059
-1.6685918373
-1.6673138473
-1.6666005138
-1.6649430980
-1.6636166165
-1.6621434568
-1.6608955333
-1.6605329112
-1.6593038538
-1.6579999263
-1.6564548861
-1.6556593461
-1.6548663665
-1.6532955571
-1.6523928706
-1.6515498494
-1.6502963890
-1.6496869186
-1.6486977108
-1.6475561707
-1.6459502924
-1.6451681556
-1.6444985428
-1.6433867219
-1.9417242660
-1.9019754623
-1.8877887870
-1.8639251667
-1.8546758281
-1.8495748819
-1.8388514202
-1.8313948601
-1.8253642839
-1.8158055872
-1.8081254113
-1.8073312732
-1.8019715349
-1.7957705231
-1.7936045073
-1.7907274909
-1.7863395006
-1.7824231310
-1.7803623963
-1.7767728787
-1.7731316368
-1.7697282996
-1.7639930999
-1.7608481741
-1.7592174977
-1.7575832929
-1.7566274330
-1.7534227714
-1.7522958049
-1.7499520736
-1.7482977460
-1.7468460934
-1.7441212930
-1.7409113053
-1.7398825206
-1.7385508394
-1.7381813611
-1.7355761507
-1.7325781180
-1.7315487103
-1.7310013993
-1.7298346307
-1.7255528794
-1.7246309951
-1.7238758677
-1.7214672545
-1.7199119199
-1.7188042012
-1.7182478824
-1.7162775425
-1.7152763168
-1.7142914334
-1.7130355579
-1.7120197543
-1.7104416986
-1.7091981631
-1.7079023111
-1.7063009330
-1.7058595298
-1.7045104940
-1.7030261665
-1.7027474066
-1.7020901052
-1.7007207925
-1.6998802524
-1.6981229218
-1.6968574187
-1.6961614196
-1.6958516283
-1.6951548126
-1.6940695609
-1.6923696111
-1.6915243115
-1.6900444713
-1.6890163832
-1.6875400841
-1.6866771951
-1.6851439922
-1.6842210961
-1.6837190872
-1.6831963475
-1.6819041120
-1.6813989222
-1.6795347138
-1.6789519916
-1.6781433571
-1.6769970411
-1.6763268866
-1.6760671035
-1.6754906697
-1.6750426037
-1.6738258508
1.6737688534
1.6743688545
1.6747459896
1.6759870272
1.6761795589
1.6765793895
1.6774501771
1.6780867926
-2.0044731024
-1.9736761172
-1.9432870191
-1.9408096476
-1.9148000734
-1.9122140805
-1.9076464163
-1.9007967629
-1.8869771553
-1.8805986243
-1.8777389688
-1.8720602271
-1.8679599616
-1.8580909756
-1.8559282111
-1.8498826536
-1.8475364137
-1.8431602630
-1.8378765195
-1.8348113053
-1.8333194336
-1.8317740304
-1.8270832372
-1.8239455980
-1.8201806395
-1.8176508994
-1.8150211811
-1.8123946991
-1.8077945129
-1.8066872899
-1.8054444110
-1.8035913754
-1.8022467643
-1.7983597034
-1.7971207903
-1.7933531877
-1.7920304984
-1.7912640557
-1.7892352151
-1.7871606234
-1.7849695173
-1.7829928344
-1.7802062794
-1.7782178987
-1.7766198004
-1.7747330249
-1.7732497723
-1.7723253373
-1.7697450999
-1.7689465030
-1.7677944844
-1.7654820186
-1.7636904036
-1.7620414197
-1.7603114302
-1.7590890264
-1.7576642965
-1.7559842779
-1.7545500723
-1.7537567720
-1.7526033515
-1.7502223736
-1.7494199419
-1.7475830426
-1.7470219051
-1.7453726029
-1.7449909837
-1.7435867514
-1.7427463374
-1.7412187810
-1.7401596674
-1.7393200692
-1.7379817675
-1.7373045659
-1.7359585251
1.7362726648
1.7367899176
1.7374020800
1.7378006318
1.7389508852
1.7395202841
1.7404585703
1.7410165528
1.7414920113
1.7423008201
1.7431335001
1.7440622895
1.7442492275
1.7451990211
1.7458943808
1.7475211445
1.7476194374
1.7480336728
1.7485639000
1.7501095277
1.7507476303
1.7514166990
1.7520370526
1.7525335594
1.7534980027
-2.4123605033
-2.3430773518
-2.3268176474
-2.2832589906
-2.2680382323
-2.2592716078
-2.2494973155
-2.2236658607
-2.2147859675
-2.2012381487
-2.1937608641
-2.1887857098
-2.1823979982
-2.1762599232
-2.1739299535
-2.1693334978
-2.1539830355
-2.1499604136
-2.1435356516
-2.1350050743
-2.1326485624
-2.1278276832
-2.1235042033
-2.1201461492
-2.1145972645
-2.1129829187
-2.1084289681
-2.1080427897
-2.1032287678
-2.1007716347
-2.0982057564
-2.0966720109
-2.0905172571
-2.0853800561
-2.0832424955
-2.0787947169
-2.0766547396
-2.0725362044
-2.0688187398
-2.0656440287
-2.0624954302
-2.0592371715
-2.0577352380
-2.0553211799
-2.0548232113
-2.0507793796
-2.0481477169
-2.0458475034
-2.0434997939
-2.0424231124
-2.0397253074
-2.0383259015
-2.0378033085
-2.0366926899
-2.0344827606
-2.0321674881
-2.0307836349
-2.0288763511
-2.0266676906
-2.0256716805
-2.0222178337
-2.0202184416
-2.0177966738
-2.0163736331
-2.0156798062
-2.0121083204
-2.0096174453
-2.0065676005
-2.0045766060
-2.0031816702
-2.0020413243
-1.9998649861
-1.9979423167
-1.9957272812
-1.9951837529
-1.9943668179
-1.9920251741
-1.9913823856
-1.9898358065
-1.9875251785
-1.9866186314
-1.9852077692
-1.9839327377
-1.9821972267
-1.9810150176
-1.9800305467
-1.9791058684
-1.9785700653
-1.9764456216
-1.9753441299
-1.9731791135
-1.9727949147
-1.9711368728
-1.9702061107
-1.9677811514
-1.9660921174
-1.9652513529
-1.9641407812
-1.9629892404
-1.9621341567
-2.4349429334
-2.3905035539
-2.3508053241
-2.3180058760
-2.3160657324
-2.2951430547
-2.2864679283
-2.2740734116
-2.2589344376
-2.2573627438
-2.2350722277
-2.2274913248
-2.2270566834
-2.2227333984
-2.2099539695
-2.2013151949
-2.2007483801
-2.1949020645
-2.1897991924
-2.1866598742
-2.1802677497
-2.1720094998
-2.1702830349
-2.1659101252
-2.1635414344
-2.1586095053
-2.1550832905
-2.1533810112
-2.1505349633
-2.1453057562
-2.1413327689
-2.1378275949
-2.1357879477
-2.1334372752
-2.1290432381
-2.1255159481
-2.1211869566
-2.1198000194
-2.1164869859
-2.1143765769
-2.1119977892
-2.1095374878
-2.1058221968
-2.1010508259
-2.0983134243
-2.0972555788
-2.0942373348
-2.0903436883
-2.0887546223
-2.0874312476
-2.0848864687
-2.0832022427
-2.0812760762
-2.0786037358
-2.0766470499
-2.0741173277
-2.0733361933
-2.0700848969
-2.0666312022
-2.0658698060
-2.0646161876
-2.0618788581
-2.0604839513
-2.0584504552
-2.0576464135
-2.0559981631
-2.0542424451
-2.0525399319
-2.0498598004
-2.0482221144
-2.0469288775
-2.0453766251
-2.0418116178
-2.0402979865
-2.0393787284
-2.0383483912
-2.0364094822
-2.0347571881
-2.0341417517
-2.0326196370
-2.0295428054
-2.0292172573
-2.0277475510
-2.0259171871
-2.0246503366
-2.0229389092
-2.0209173405
-2.0187468038
-2.0175139135
-2.0165156668
-2.0138017281
-2.0127390965
-2.0115291341
-2.0100804249
-2.0090983335
-2.0077652752
-2.0058684912
-2.0047279508
-2.0038798842
-2.0029984433
-2.0790859025
-2.0424913744
-2.0078343675
-2.0004847657
-1.9755112736
-1.9670617403
-1.9564132854
-1.9440065191
-1.9363555992
-1.9276258130
-1.9253826490
-1.9119365646
-1.9073483607
-1.9027542653
-1.8970795796
-1.8929678651
-1.8881062592
-1.8824458052
-1.8782030274
-1.8773221473
-1.8697524364
-1.8689047788
-1.8640465905
-1.8620240797
-1.8597729939
-1.8570633839
-1.8510231085
-1.8498026007
-1.8471738475
-1.8430040373
-1.8402293643
-1.8375297318
-1.8364079091
-1.8335847707
-1.8328518261
-1.8304369050
-1.8260177886
-1.8230331888
-1.8219071570
-1.8193718309
-1.8162231107
-1.8144621824
-1.8135467260
-1.8092688727
-1.8083582935
-1.8062688865
-1.8041473784
-1.8027909620
-1.8012971044
-1.8002020283
-1.7976532041
-1.7968908591
-1.7955216386
-1.7940288927
-1.7922510847
-1.7888764244
-1.7871129772
-1.7860579062
-1.7838299374
-1.7824275528
-1.7811226516
-1.7795628525
-1.7779428697
-1.7756076208
-1.7752423457
-1.7730694243
-1.7711383681
-1.7703801900
-1.7691489486
-1.7679781766
-1.7664480655
-1.7655009683
-1.7638059290
-1.7618339145
-1.7610591666
-1.7597237614
-1.7587104653
1.7577892701
1.7582370371
1.7585451235
1.7593918722
1.7599501317
1.7603093295
1.7608521383
1.7613866666
1.7623785119
1.7628494190
1.7638315201
1.7644093305
1.7650446183
1.7654033677
1.7664833835
1.7668323609
1.7675219849
1.7681083963
1.7683500519
1.7694115495
1.7701586706
1.7711190109
1.7716744302
-2.0221575767
-1.9853213274
-1.9729102226
-1.9503324631
-1.9401691102
-1.9329655244
-1.9232550269
-1.9170154542
-1.9087976668
-1.9027501517
-1.8957817031
-1.8918419120
-1.8883354402
-1.8826765264
-1.8758144174
-1.8729780801
-1.8699900996
-1.8636595841
-1.8618992834
-1.8597801497
-1.8557194561
-1.8534121317
-1.8489079301
-1.8453198374
-1.8429872317
-1.8418293075
-1.8379905196
-1.8349849030
-1.8329285692
-1.8311565265
-1.8284336916
-1.8263935235
-1.8249990413
-1.8233225541
-1.8202103630
-1.8194074765
-1.8172654144
-1.8150111742
-1.8135627645
-1.8111581806
1.8111501692
1.8119860568
1.8128757257
1.8137952661
1.8141698145
1.8147650584
1.8150173948
1.8158754204
1.8162526998
1.8166267897
1.8175367639
1.8182132596
1.8194812823
1.8202827035
1.8213167279
1.8216615139
1.8221001541
1.8231231606
1.8241310667
1.8249810344
1.8253657354
1.8256969139
1.8262223128
1.8269026531
1.8276149440
1.8286478296
1.8293482869
1.8300542864
1.8305436068
1.8312353312
1.8322606571
1.8328486072
1.8334999544
1.8347269818
1.8352067316
1.8357548890
1.8371586275
1.8374838982
1.8384461305
1.8396237264
1.8399004313
1.8407143957
1.8413738976
1.8427223717
1.8433144209
1.8436501820
1.8448043252
1.8455819030
1.8466561926
1.8474384254
1.8486156418
1.8493783522
1.8500746264
1.8505077126
1.8509522029
1.8519571077
1.8531371838
1.8543220729
1.8550638862
1.8557370359
-2.0442670519
-2.0004375300
-1.9643564553
-1.9601129139
-1.9493862232
-1.9297188231
-1.9259023460
-1.9203750219
-1.9096618000
-1.9049049284
-1.8953683569
-1.8931504070
-1.8886905436
-1.8855396341
-1.8803954833
-1.8791884413
-1.8701168778
-1.8667156396
-1.8623452975
-1.8571767634
-1.8560842839
-1.8508912348
-1.8472133457
-1.8455044250
-1.8414440962
-1.8383948180
-1.8348923599
-1.8333967350
-1.8284619351
-1.8257771761
-1.8217958074
-1.8189091854
-1.8169678324
-1.8135102924
-1.8119170962
-1.8089929919
-1.8067622359
-1.8059602241
-1.8052415536
-1.8031880206
-1.8017436200
-1.8010921852
-1.7984896083
-1.7952452436
-1.7945438501
-1.7914978682
-1.7888141590
-1.7861640197
-1.7842498142
-1.7823494392
-1.7815297902
-1.7798258578
-1.7779867039
-1.7759098087
-1.7751931790
-1.7730006788
-1.7716347930
-1.7705276725
-1.7691611774
-1.7668811714
-1.7648835461
-1.7634525032
-1.7618485610
-1.7607881393
-1.7590863719
-1.7579860936
-1.7560374687
-1.7551873181
-1.7535929960
-1.7524393977
-1.7517543923
-1.7507291287
-1.7497201712
-1.7488734993
-1.7469422021
-1.7456289668
-1.7450534314
-1.7432610851
-1.7422671931
-1.7416999122
-1.7397914898
-1.7388072684
-1.7373945031
-1.7353539351
-1.7346204097
-1.7340058099
-1.7334785041
-1.7306663257
-1.7304110522
-1.7299268481
-1.7297596780
-1.7288906744
-1.7275288804
-1.7267891224
-1.7252165589
-1.7238441139
-1.7231333543
-1.7213951716
-1.7212621499
-1.7199959258
-1.9416255653
-1.9049408025
-1.8984778543
-1.8752387472
-1.8666793757
-1.8592428077
-1.8516413854
-1.8431396333
-1.8410062525
-1.8318820280
-1.8303856102
-1.8232738997
-1.8197994839
-1.8135798055
-1.8102722699
-1.8082213491
-1.8056051012
-1.8002553451
-1.7995181739
-1.7982132641
-1.7904890494
-1.7893634228
-1.7882950837
-1.7855854556
-1.7821316438
-1.7768498854
-1.7758783852
-1.7734865446
-1.7728584508
-1.7713194960
-1.7685672639
-1.7647646795
-1.7622091527
-1.7609347974
-1.7594422647
-1.7571503550
-1.7553490093
-1.7541887247
-1.7512215840
-1.7502526169
-1.7472164786
-1.7454852390
-1.7440047180
-1.7420421370
-1.7410226693
-1.7390295533
-1.7382483640
-1.7366871415
-1.7342582873
-1.7325827053
-1.7294875185
-1.7283705640
-1.7272244526
-1.7247072636
-1.7239619280
-1.7219773327
-1.7211591706
-1.7194475543
-1.7183524602
-1.7165660650
-1.7157570933
-1.7126228629
-1.7108095380
-1.7102661915
-1.7086077418
-1.7082003667
-1.7068224407
-1.7057014798
-1.7042993159
-1.7022450022
-1.7015394724
-1.7001501419
-1.6991840983
-1.6972992411
-1.6957460493
-1.6954070417
-1.6937842349
-1.6921328848
-1.6913086661
-1.6901974221
-1.6895395508
-1.6888059837
-1.6882524699
-1.6862948480
-1.6858322119
-1.6838224635
-1.6832645172
-1.6822068090
-1.6816950715
-1.6810514087
-1.6795539488
-1.6780188923
-1.6769100828
-1.6757782551
-1.6754712247
-1.6745529913
-1.6733893059
-1.6723909261
-1.6714024784
-1.6707531971
-2.1028466343
-2.0253819083
-2.0180673372
-1.9861237430
-1.9588581639
-1.9457862569
-1.9346472502
-1.9248339514
-1.9159848705
-1.9060016967
-1.8977680379
-1.8932657905
-1.8807130520
-1.8762095012
-1.8684336497
-1.8649726589
-1.8628672006
-1.8521929870
-1.8457401330
-1.8411678525
-1.8363893516
-1.8349453493
-1.8299365338
-1.8260427035
-1.8244281874
-1.8203630673
-1.8154952090
-1.8115447648
-1.8092114527
-1.8042386491
-1.8021581396
-1.7978933912
-1.7942218135
-1.7921311948
-1.7901517207
-1.7873602819
-1.7848117036
-1.7836742416
-1.7784557166
-1.7776981416
-1.7749795920
-1.7712456461
-1.7687621809
-1.7651671907
-1.7634934481
-1.7619583799
-1.7593377647
-1.7579975751
-1.7543412690
-1.7525271513
-1.7505429546
-1.7487253861
-1.7461552978
-1.7448285667
-1.7435627138
-1.7422870738
-1.7386103804
-1.7366714084
-1.7351173975
-1.7342262122
-1.7327993670
-1.7300104315
-1.7276623460
-1.7259677927
-1.7240175290
-1.7212074812
-1.7208874587
-1.7194877788
-1.7175910757
-1.7158926273
-1.7146614301
-1.7129954808
-1.7113081419
-1.7101625747
-1.7083862774
-1.7076783478
-1.7072635970
-1.7043855625
-1.7029525552
-1.7019303451
-1.7001637113
-1.6990823572
-1.6977874211
-1.6973449149
-1.6963653676
-1.6946144164
-1.6930674630
-1.6917805302
-1.6904201674
-1.6894773436
-1.6881285000
-1.6864028587
-1.6857235524
-1.6838158788
-1.6831354819
-1.6822957170
-1.6813074387
-1.6799024101
-1.6788959810
-1.6777172193
-2.2582754851
-2.1849303552
-2.1559833135
-2.1398255481
-2.1133625833
-2.0999990592
-2.0835492978
-2.0693850743
-2.0523441653
-2.0458783500
-2.0404809886
-2.0366441172
-2.0268465790
-2.0224876079
-2.0146206105
-2.0060198477
-2.0011183825
-1.9941411462
-1.9902509037
-1.9838921965
-1.9798275357
-1.9740260026
-1.9725002973
-1.9674134446
-1.9596855401
-1.9585459056
-1.9545265009
-1.9465639008
-1.9453184503
-1.9422778249
-1.9378832944
-1.9360821742
-1.9310604329
-1.9279206446
-1.9257324689
-1.9202706054
-1.9181143852
-1.9164242880
-1.9134090006
-1.9116243075
-1.9087939090
-1.9069113750
-1.9032762199
-1.9018517990
-1.8983729035
-1.8965632313
-1.8944856618
-1.8918425799
-1.8900585160
-1.8890686028
-1.8856376313
-1.8838095891
-1.8824850229
-1.8786077355
-1.8769680135
-1.8758503164
-1.8740981227
-1.8714323977
-1.8681755048
-1.8656958510
-1.8636282066
-1.8620011685
-1.8608153142
-1.8578211349
-1.8575068386
-1.8552816098
-1.8537790065
-1.8508379842
-1.8501707729
-1.8493258281
-1.8469121069
-1.8436225537
-1.8428050816
-1.8416133107
-1.8396343026
-1.8377121658
-1.8363582897
-1.8340576266
-1.8334278430
-1.8315282383
-1.8303515126
-1.8287293405
-1.8276688589
-1.8272079024
-1.8253270516
-1.8237495590
-1.8223750118
-1.8205214412
-1.8201654740
-1.8190496081
-1.8169228846
-1.8153170423
-1.8144250777
-1.8129245109
-1.8107805506
-1.8095974063
-1.8085227910
-1.8077833567
-1.8066105032
-1.8057931277
-2.0924852293
-2.0575852913
-2.0241326943
-2.0008009879
-1.9918828104
-1.9679460448
-1.9606470884
-1.9562531634
-1.9440375995
-1.9363225585
-1.9303960815
-1.9292129650
-1.9149873809
-1.9101287143
-1.9068414487
-1.9053087944
-1.9010117650
-1.8987867116
-1.8867742284
-1.8828824184
-1.8799922356
-1.8747883809
-1.8726534575
-1.8700062055
-1.8669650434
-1.8655196319
-1.8581797253
-1.8571590500
-1.8543973308
-1.8508965109
-1.8467344136
-1.8444845736
-1.8418464444
-1.8401398215
-1.8383656126
-1.8334570866
-1.8326910455
-1.8290961416
-1.8267711216
-1.8259370944
-1.8234026384
-1.8217830181
-1.8192072258
-1.8170443319
-1.8155979131
-1.8129930206
-1.8107995937
-1.8096373435
-1.8078096775
-1.8036494991
-1.8025370096
-1.8010422295
-1.7992995629
-1.7981255126
-1.7962944438
-1.7943070175
-1.7930528577
-1.7917719956
-1.7889656830
-1.7863581294
-1.7856125761
-1.7836783216
-1.7822808658
-1.7807394109
-1.7795821179
-1.7775055266
-1.7764196852
-1.7740787985
-1.7737357991
-1.7720094785
-1.7702907110
-1.7696965206
-1.7674465338
-1.7658818278
-1.7649858874
-1.7645824814
-1.7637934862
-1.7618648347
-1.7589237976
-1.7571457825
-1.7565604959
-1.7543531321
-1.7540010572
-1.7515929097
-1.7502563451
-1.7494600766
-1.7483159952
-1.7465770243
-1.7460389452
-1.7449759601
-1.7445002411
-1.7435757734
-1.7426761018
-1.7420916418
-1.7408333125
-1.7403067165
-1.7388564869
-1.7376968077
-1.7367380539
-1.7348395497
-1.9425993543
-1.9256449000
-1.9101106339
-1.8909558497
-1.8730756539
-1.8694935098
-1.8581440579
-1.8525376359
-1.8492552362
-1.8381776667
-1.8354143168
-1.8299310668
-1.8268277531
-1.8211322379
-1.8185184599
-1.8169605776
-1.8116056338
-1.8043745615
-1.8024481300
-1.7991912599
-1.7952210537
-1.7931127187
-1.7888004602
-1.7863641060
-1.7826744179
-1.7801217621
-1.7772758714
-1.7761872068
-1.7734728667
-1.7711228440
-1.7689753458
-1.7673175875
-1.7643109514
-1.7615789217
-1.7601203901
-1.7576914190
-1.7562944069
-1.7539842607
-1.7529362632
-1.7515231302
-1.7496669801
-1.7479977090
-1.7460285840
-1.7433439289
-1.7425283470
-1.7403849817
-1.7395891440
-1.7369774610
-1.7357999051
-1.7354661035
-1.7345109253
-1.7316835579
-1.7300621053
-1.7286401791
-1.7273976890
-1.7261164864
-1.7244428245
-1.7236675346
-1.7216090829
-1.7201841714
-1.7194047637
-1.7185936943
-1.7175637327
-1.7153715235
-1.7142586587
-1.7133955259
-1.7107752062
-1.7099681717
-1.7089512421
-1.7079023647
-1.7065339412
1.7058182481
1.7062228026
1.7063510856
1.7071139429
1.7081451409
1.7084597506
1.7089578282
1.7098847560
1.7102566905
1.7105857457
1.7110069353
1.7118849013
1.7123838076
1.7125524191
1.7133589752
1.7136255561
1.7142754630
1.7147265713
1.7153786262
1.7157855393
1.7163644633
1.7170956961
1.7178557259
1.7183306471
1.7192335072
1.7198448496
1.7202121400
1.7204045793
1.7210810306
-2.2818534258
-2.2174116651
-2.2011991850
-2.1519767325
-2.1444781616
-2.1374732909
-2.1308081352
-2.1189154040
-2.0881750682
-2.0804783042
-2.0737292463
-2.0702128821
-2.0652007607
-2.0624180431
-2.0567113212
-2.0516893038
-2.0415799645
-2.0354829130
-2.0259767759
-2.0189955181
-2.0148407533
-2.0104906582
-2.0059967132
-2.0035104658
-2.0013580234
-1.9995979339
-1.9962030506
-1.9929647259
-1.9907712948
-1.9882139402
-1.9843008593
-1.9809838671
-1.9794827761
-1.9756793535
-1.9745538835
-1.9712648202
-1.9658957796
-1.9624425304
-1.9616740209
-1.9561347080
-1.9519930477
-1.9487297012
-1.9459437950
-1.9442977851
-1.9403171655
-1.9389511641
-1.9360715183
-1.9336930239
-1.9330414759
-1.9311118607
-1.9296402896
-1.9265462396
-1.9248815848
-1.9229122661
-1.9216109606
-1.9208359309
-1.9186806008
-1.9175755923
-1.9155896607
-1.9145233161
-1.9115483643
-1.9097450818
-1.9085797319
-1.9057218878
-1.9050782889
-1.9031043132
-1.9014321278
-1.8996797351
-1.8989951564
-1.8972090797
-1.8964277399
-1.8932101956
-1.8917345566
-1.8913448477
-1.8887136914
-1.8878006793
-1.8863521821
-1.8832424600
-1.8814035939
-1.8805101419
-1.8799933143
-1.8766880781
-1.8759974973
-1.8745437119
-1.8723638205
-1.8711169363
-1.8695378905
-1.8676563224
-1.8674569533
-1.8655388661
-1.8635886792
-1.8629940978
-1.8620045898
-1.8616169493
-1.8607135988
-1.8588887176
-1.8580315162
-1.8566939292
-1.8552784832
-1.8544343062
-2.2592823159
-2.1811186545
-2.1564083389
-2.1347738995
-2.1137732008
-2.1083353964
-2.0864675724
-2.0707879002
-2.0637636351
-2.0555338059
-2.0515779360
-2.0439195150
-2.0342025033
-2.0317054673
-2.0243817281
-2.0105990250
-2.0079961572
-2.0047526332
-2.0038987726
-2.0012083310
-1.9951155264
-1.9876429545
-1.9811211788
-1.9796816132
-1.9784738503
-1.9737681415
-1.9696904794
-1.9673392497
-1.9655168549
-1.9620240968
-1.9583734735
-1.9546037775
-1.9528424842
-1.9487438532
-1.9452788571
-1.9440340059
-1.9427718367
-1.9406861067
-1.9386474176
-1.9361387106
-1.9328311763
-1.9322863306
-1.9312883049
-1.9269145021
-1.9231414661
-1.9214648614
-1.9203182729
-1.9164010131
-1.9143335920
-1.9126835051
-1.9115666252
-1.9098313674
-1.9076250644
-1.9065057203
-1.9034359514
-1.9021339634
-1.9008081700
-1.8985973998
-1.8966379740
-1.8946389532
-1.8932641685
-1.8919835593
-1.8898420321
-1.8871544868
-1.8864487666
-1.8849873071
-1.8838299888
-1.8822145834
-1.8803842279
-1.8786791291
-1.8775149331
-1.8755140664
-1.8741777781
-1.8729859529
-1.8718602838
-1.8711030365
-1.8700250851
-1.8685497213
-1.8670690904
-1.8654514072
-1.8633086336
-1.8624962357
-1.8612578827
-1.8597860377
-1.8590578889
-1.8579596508
-1.8571339164
-1.8559170849
-1.8543420387
-1.8526280504
-1.8518867063
-1.8507935001
-1.8498544977
-1.8486096257
-1.8476172023
-1.8467269180
-1.8450615072
-1.8439557426
-1.8424525260
-1.8418054571
-2.1319998637
-2.0960103847
-2.0643011215
-2.0518937779
-2.0369002477
-2.0213743013
-2.0158591821
-2.0143275911
-2.0048073246
-1.9971276095
-1.9933186252
-1.9845437283
-1.9838820441
-1.9775870637
-1.9730626623
-1.9696128554
-1.9572493640
-1.9526864891
-1.9505460569
-1.9461083395
-1.9427155190
-1.9404202111
-1.9386642261
-1.9347696219
-1.9281004455
-1.9256727038
-1.9234943677
-1.9192733690
-1.9163761758
-1.9149637755
-1.9121242088
-1.9104616564
-1.9089837380
-1.9070877092
-1.9062514615
-1.9018393242
-1.8991115852
-1.8984667349
-1.8947850546
-1.8941425059
-1.8921473054
-1.8896431990
-1.8875848269
-1.8871241521
-1.8860474290
-1.8824950242
-1.8801047075
-1.8795383304
-1.8750916412
-1.8733948326
-1.8701155958
-1.8695509609
-1.8679276233
-1.8665443198
-1.8650396657
-1.8640886992
-1.8632794343
-1.8609999208
-1.8587420970
-1.8575363590
-1.8548795820
-1.8530800265
-1.8524519768
-1.8508631824
-1.8491727146
-1.8480756264
-1.8464419071
-1.8450138174
-1.8439268159
-1.8414335452
-1.8408168013
-1.8395160919
-1.8390044247
-1.8368057893
-1.8363116882
-1.8353913767
-1.8348874864
-1.8336128639
-1.8319446221
-1.8301131046
-1.8288910442
-1.8276780733
-1.8272750389
-1.8261064043
-1.8248214231
-1.8238800919
-1.8227118621
-1.8209291762
-1.8199501906
-1.8195152461
-1.8180400481
-1.8170858293
-1.8158123435
-1.8150543163
-1.8140986395
-1.8133444114
-1.8118526646
-1.8110006368
-1.8099291855
-1.8094738624
-2.3089293465
-2.2484375039
-2.1925003652
-2.1851192915
-2.1542299669
-2.1427539620
-2.1319578610
-2.1253412548
-2.1161157989
-2.0961149848
-2.0849637713
-2.0765323532
-2.0730575672
-2.0668328031
-2.0613389272
-2.0521261150
-2.0446816658
-2.0410887747
-2.0331793907
-2.0245770890
-2.0216458792
-2.0209443179
-2.0133961122
-2.0071301836
-2.0029425227
-1.9993164171
-1.9976496911
-1.9935227771
-1.9912935733
-1.9880198402
-1.9863453407
-1.9845789952
-1.9813985192
-1.9738222915
-1.9713383754
-1.9702906768
-1.9651856646
-1.9637840610
-1.9580138481
-1.9564797259
-1.9510016592
-1.9500463061
-1.9479109113
-1.9430431745
-1.9410316242
-1.9398338747
-1.9375596592
-1.9347434617
-1.9329767139
-1.9318000098
-1.9293745141
-1.9272792003
-1.9252699317
-1.9230328062
-1.9217273026
-1.9189450850
-1.9169893329
-1.9149096031
-1.9111517769
-1.9092480326
-1.9066794790
-1.9047809917
-1.9022546513
-1.8994787277
-1.8973177706
-1.8953762458
-1.8938203117
-1.8921090350
-1.8912759933
-1.8897032109
-1.8872286555
-1.8862430215
-1.8837969588
-1.8818767305
-1.8797120836
-1.8790791385
-1.8774421505
-1.8755237219
-1.8737058852
-1.8716806250
-1.8704783057
-1.8702528544
-1.8684336138
-1.8666879170
-1.8656445568
-1.8636861593
-1.8627713186
-1.8624189569
-1.8612790640
-1.8598779914
-1.8580182848
-1.8567465274
-1.8539746121
-1.8526095903
-1.8518377469
-1.8502846579
-1.8491594349
-1.8483779859
-1.8464259672
-1.8454550175
-2.0202361947
-2.0055121300
-1.9950461946
-1.9846623081
-1.9735050205
-1.9621066034
-1.9507614981
-1.9349162506
-1.9241249496
-1.9187761164
-1.9119124761
-1.9073874178
-1.9031996980
-1.8966726450
-1.8927816395
-1.8867272880
-1.8823731984
-1.8765509697
-1.8707149221
-1.8659653786
-1.8647191371
-1.8571554105
-1.8562774788
-1.8540780749
-1.8502787789
-1.8478733456
-1.8455153519
-1.8411247492
-1.8370169429
-1.8349738364
-1.8306526404
-1.8297061724
-1.8255986966
-1.8235275540
-1.8203883987
-1.8186586781
-1.8162855344
-1.8143896720
-1.8119461700
-1.8100104080
-1.8083350165
-1.8045239735
-1.8035732559
-1.8027182552
-1.8014329627
-1.8000086104
-1.7973264663
-1.7963825151
-1.7945656738
-1.7918009011
-1.7892158446
-1.7885561580
-1.7865649392
-1.7847930888
-1.7827330246
-1.7819515820
-1.7796961740
-1.7782445224
-1.7767747555
-1.7756573628
-1.7743752279
-1.7735433510
-1.7713615557
-1.7700866623
-1.7685339291
-1.7662792563
-1.7656264424
-1.7640834026
-1.7627658169
-1.7617117227
-1.7605739463
-1.7577152664
-1.7565848012
-1.7557560351
-1.7543557853
-1.7536720239
-1.7518242235
-1.7508799864
-1.7490832422
-1.7482478630
-1.7468624824
-1.7456450922
1.7464565786
1.7469411196
1.7475351758
1.7486844616
1.7490418783
1.7494074988
1.7499501264
1.7512542910
1.7522481663
1.7526549113
1.7530697757
1.7539040087
1.7540794492
1.7548350942
1.7559751625
1.7565826144
1.7571112975
1.7576143956
-1.9904341510
-1.9426789703
-1.8970477374
-1.8899964320
-1.8826071303
-1.8578420532
-1.8510088164
-1.8412739969
-1.8333515947
-1.8205878332
-1.8115606652
-1.8044793469
-1.8010930892
-1.7951208859
-1.7906869898
-1.7876817721
-1.7816000358
-1.7808734700
-1.7778092867
-1.7727159093
-1.7693557460
-1.7668426148
-1.7595046309
-1.7556267928
-1.7528776152
-1.7473443009
-1.7441386799
-1.7426899740
-1.7396644122
-1.7383665537
-1.7349599726
-1.7315552937
-1.7303061669
-1.7273353487
-1.7262898439
-1.7234450443
-1.7217219839
-1.7205499040
-1.7170936528
-1.7130409262
-1.7099718188
-1.7084235705
1.7089449741
1.7097454920
1.7100010200
1.7107656654
1.7111362158
1.7113530577
1.7119648094
1.7125753714
1.7135704518
1.7143006125
1.7146731410
1.7152875975
1.7158742405
1.7165354186
1.7169262095
1.7172626928
1.7176653538
1.7185392532
1.7190766490
1.7195949832
1.7207648914
1.7210252206
1.7218334515
1.7223988912
1.7227821994
1.7234202797
1.7241269935
1.7251093978
1.7256587481
1.7261075898
1.7266321210
1.7271218521
1.7281229102
1.7288514700
1.7298268305
1.7305975013
1.7309051435
1.7311951309
1.7323362754
1.7328479622
1.7335000884
1.7339612984
1.7345403422
1.7349008121
1.7359031023
1.7365632220
1.7369011999
1.7373633728
1.7385590935
1.7392499649
1.7395607723
1.7399734365
1.7412827818
1.7417567498
1.7427312618
1.7429428403
1.7434281332
1.7439547812
-2.2134132513
-2.1612054173
-2.1143539498
-2.1068932563
-2.0849513498
-2.0647669473
-2.0561885295
-2.0524344179
-2.0360768676
-2.0263690749
-2.0162541120
-2.0107280978
-2.0044253066
-1.9992011570
-1.9926119379
-1.9818901826
-1.9745074187
-1.9706209091
-1.9694402636
-1.9627532350
-1.9591437898
-1.9555556685
-1.9535005371
-1.9502110353
-1.9458849094
-1.9443347076
-1.9405018849
-1.9334397406
-1.9283719132
-1.9256466600
-1.9209634845
-1.9168935702
-1.9158713206
-1.9132473594
-1.9114450772
-1.9064443642
-1.9050078903
-1.9031541494
-1.9018996008
-1.8996139831
-1.8991551844
-1.8969284903
-1.8941427182
-1.8898937429
-1.8885602463
-1.8852834714
-1.8823230413
-1.8803446117
-1.8774126368
-1.8751798923
-1.8727547940
-1.8700703751
-1.8688302166
-1.8656957282
-1.8644075250
-1.8619060130
-1.8610569976
-1.8594343087
-1.8576883286
-1.8559921838
-1.8548056026
-1.8538832694
-1.8524748332
-1.8500443611
-1.8490614181
-1.8475834920
-1.8463137816
-1.8454821321
-1.8439422778
-1.8422868224
-1.8407007082
-1.8397965594
-1.8370245682
-1.8342484952
-1.8326215280
-1.8307670574
-1.8291205532
-1.8269998947
-1.8259216854
-1.8244748543
-1.8222779519
-1.8203380585
-1.8187848828
-1.8185354267
-1.8168239197
-1.8155162512
-1.8143054793
-1.8136901104
-1.8120977554
-1.8110331589
-1.8092182009
-1.8082710195
-1.8078200510
-1.8065698717
-1.8054405447
-1.8043183947
-1.8034056776
-1.8024097700
-1.8010708543
-1.7999491068
-2.2671550285
-2.1804629597
-2.1606290505
-2.1121589498
-2.1003465727
-2.0915454723
-2.0761264990
-2.0688757154
-2.0495724025
-2.0440683205
-2.0299654010
-2.0151800849
-2.0117772150
-2.0051286099
-1.9992836438
-1.9933078087
-1.9885256201
-1.9802820679
-1.9775873065
-1.9723427245
-1.9629267841
-1.9589824899
-1.9561021097
-1.9523251716
-1.9465831933
-1.9414663661
-1.9374073540
-1.9347282597
-1.9333024584
-1.9294887140
-1.9251169064
-1.9224751227
-1.9203436839
-1.9151647356
-1.9132481432
-1.9102227587
-1.9074707778
-1.9050741668
-1.8994844727
-1.8974690368
-1.8938529732
-1.8923135335
-1.8890328216
-1.8871385386
-1.8840317136
-1.8792829828
-1.8781952087
-1.8759396330
-1.8730934313
-1.8711294243
-1.8691772045
-1.8662173673
-1.8648299001
-1.8617177384
-1.8602667515
-1.8586400688
-1.8565596969
-1.8537450236
-1.8516456010
-1.8489186195
-1.8463264349
-1.8448734179
-1.8439892417
-1.8423981171
-1.8399805418
-1.8373986759
-1.8354194903
-1.8346464056
-1.8322492122
-1.8308990376
-1.8303212584
-1.8287922518
-1.8281644050
-1.8258813279
-1.8245793650
-1.8225732376
-1.8213486784
-1.8194532962
-1.8187619095
-1.8169123686
-1.8163149532
-1.8137887508
-1.8123892495
-1.8094178981
-1.8084137555
-1.8075457528
-1.8053491988
-1.8031279061
-1.8018189638
-1.8006699305
-1.7996426936
-1.7981439012
-1.7972865533
-1.7951709702
-1.7945175996
-1.7933596800
-1.7927837798
-1.7914397193
-1.7909441032
-1.7895439752
-2.0575356455
-2.0482322636
-2.0436257753
-2.0350379215
-2.0254736293
-2.0146325015
-2.0106992425
-2.0030315731
-2.0005025550
-1.9938680778
-1.9839236664
-1.9723352171
-1.9698414518
-1.9685575140
-1.9588093779
-1.9584359349
-1.9564748732
-1.9491748121
-1.9455283300
-1.9380391435
-1.9331325935
-1.9317261492
-1.9257855685
-1.9243496823
-1.9202920930
-1.9192688139
-1.9121299303
-1.9104718576
-1.9086724555
-1.9050185393
-1.9009740331
-1.9000839550
-1.8980094692
-1.8965947806
-1.8898603752
-1.8888567257
-1.8847211343
-1.8824023486
-1.8811372367
-1.8807528219
-1.8772237272
-1.8735174227
-1.8729163945
-1.8698546716
-1.8673601630
-1.8669289524
-1.8651475599
-1.8641943790
-1.8638555467
-1.8619906646
-1.8573250507
-1.8553356695
-1.8534541231
-1.8516697657
-1.8512732602
-1.8503456444
-1.8487048420
-1.8473653876
-1.8456843043
-1.8433281874
-1.8424071169
-1.8395010416
-1.8385615319
-1.8378471567
-1.8364101854
-1.8351932756
-1.8336495833
-1.8309224436
-1.8295819827
-1.8284088562
-1.8274033107
-1.8264243809
-1.8250095813
-1.8236297703
-1.8224568773
-1.8204532552
-1.8190714852
-1.8180100643
-1.8173104328
-1.8162680026
-1.8146896068
-1.8131851341
-1.8125517907
-1.8115314248
-1.8107075619
-1.8094932613
-1.8080373487
-1.8077076257
-1.8066142246
-1.8043929726
-1.8040917042
-1.8019898632
-1.8013211715
-1.8006923748
-1.7998106647
-1.7985088091
-1.7971757131
-1.7963462715
-1.7950422512
-1.7940817757
-2.3313269438
-2.2632722099
-2.2192981501
-2.1982744766
-2.1875616994
-2.1557297556
-2.1479528787
-2.1429441314
-2.1323305152
-2.1234865307
-2.1199414650
-2.1001298230
-2.0916550482
-2.0866571337
-2.0837111503
-2.0810215721
-2.0699880395
-2.0670022000
-2.0611004209
-2.0566499388
-2.0543351706
-2.0495535173
-2.0435807120
-2.0374770735
-2.0328984199
-2.0284356052
-2.0261121957
-2.0218700519
-2.0192420344
-2.0143640972
-2.0119657245
-2.0087513255
-2.0069111013
-2.0028437515
-2.0002100705
-1.9970263451
-1.9931893808
-1.9906170435
-1.9878524532
-1.9865191751
-1.9830520053
-1.9819879408
-1.9782080713
-1.9757544496
-1.9735909911
-1.9707140493
-1.9690826877
-1.9657428521
-1.9636322550
-1.9617709641
-1.9607002727
-1.9599409502
-1.9561841154
-1.9541994715
-1.9514546298
-1.9504893459
-1.9488179939
-1.9464723142
-1.9447781343
-1.9427475178
-1.9414160653
-1.9404817731
-1.9384367617
-1.9357019022
-1.9338580236
-1.9315884072
-1.9301296688
-1.9287556832
-1.9275452470
-1.9243142631
-1.9238165521
-1.9223669487
-1.9197738392
-1.9176012639
-1.9167348075
-1.9145723897
-1.9139717784
-1.9116687900
-1.9111628900
-1.9098869993
-1.9083307376
-1.9072747032
-1.9060089810
-1.9051257017
-1.9037081512
-1.9021394016
-1.9008058293
-1.8996842611
-1.8978740647
-1.8972460965
-1.8959221598
-1.8936612578
-1.8925014052
-1.8916082148
-1.8908414159
-1.8885585048
-1.8872107518
1.8877056244
1.8886961088
1.8890456248
-2.1003748504
-2.0501909765
-2.0095778548
-1.9989412145
-1.9776103732
-1.9586092925
-1.9485257421
-1.9459675110
-1.9245540940
-1.9195602884
-1.9137922462
-1.9067402634
-1.8962016061
-1.8943990740
-1.8903285587
-1.8783419029
-1.8728653676
-1.8682921429
-1.8643853917
-1.8631956116
-1.8547218038
-1.8520056967
-1.8487074938
-1.8455205272
-1.8421616120
-1.8388268722
-1.8356642109
-1.8308906561
-1.8248417580
-1.8236505513
-1.8198173893
-1.8177115415
-1.8164503500
-1.8133164316
-1.8121380581
-1.8084902578
-1.8027547768
-1.8004807809
-1.7986197406
-1.7965267468
-1.7949675228
-1.7922537759
-1.7908915982
-1.7876716827
-1.7861970942
-1.7855813952
-1.7821712391
-1.7791208203
-1.7786058027
-1.7762836573
-1.7726577493
-1.7703298799
-1.7675189401
-1.7657899431
-1.7651584199
-1.7619490535
-1.7605720740
-1.7598460717
-1.7572020862
-1.7550172856
-1.7536670424
-1.7528474235
-1.7511633318
-1.7485147700
-1.7472565462
-1.7461146666
-1.7442511352
-1.7411996705
-1.7397872324
-1.7386349619
-1.7362383418
-1.7352945066
-1.7338027914
-1.7323285538
-1.7319908586
-1.7309345938
-1.7281252835
-1.7269517157
-1.7263583475
-1.7245974121
-1.7228744824
-1.7221610936
-1.7208610935
-1.7197632053
-1.7187281390
-1.7168462283
-1.7160613472
-1.7152525074
-1.7137760088
-1.7106995575
-1.7101459597
-1.7090320207
-1.7085683016
-1.7070777164
-1.7067914247
1.7050962261
1.7056669307
1.7064659590
1.7067189987
1.7076153185
