-2.3909918079
-2.2826940175
-2.2266182172
-2.2184164720
-2.1911062144
-2.1690020290
-2.1574944790
-2.1316814994
-2.1157123091
-2.1118067175
-2.0969577748
-2.0920265585
-2.0808467711
-2.0720960007
-2.0638504013
-2.0565096755
-2.0476237763
-2.0437205842
-2.0408129196
-2.0298165918
-2.0266921777
-2.0181779138
-2.0139439953
-2.0088429777
-2.0025021352
-1.9998615210
-1.9961974568
-1.9919715009
-1.9858797927
-1.9821231405
-1.9777455761
-1.9730529199
-1.9697289067
-1.9635980673
-1.9606820794
-1.9574562897
-1.9552226897
-1.9515477282
-1.9462478612
-1.9450662453
-1.9381124243
-1.9369753472
-1.9316256840
-1.9297349518
-1.9262791733
-1.9235400388
-1.9220439672
-1.9194025618
-1.9171133169
-1.9138297435
-1.9109228124
-1.9079160201
-1.9062034962
-1.9037711599
-1.9008467315
-1.8985920433
-1.8975756044
-1.8931522001
-1.8898652251
-1.8891817406
-1.8865474186
-1.8839267251
-1.8817303102
-1.8799501391
-1.8768232992
-1.8749250058
-1.8730456098
-1.8717881585
-1.8699988340
-1.8689173707
-1.8665748874
-1.8635785840
-1.8620689606
-1.8610000859
-1.8585531557
-1.8556888987
-1.8554123090
-1.8517106145
-1.8501651269
-1.8488133893
-1.8477018279
-1.8459373152
-1.8443881097
-1.8429765198
-1.8416373609
-1.8387748135
-1.8371371497
-1.8356929498
-1.8341351107
-1.8322874453
-1.8302654108
-1.8288129010
-1.8278057354
-1.8263225976
-1.8244703557
-1.8241405499
-1.8218769161
-1.8217360263
-1.8199618394
-1.8185855277
-2.0708104728
-2.0202983943
-1.9794521318
-1.9682881145
-1.9628452572
-1.9432637793
-1.9296099057
-1.9175947866
-1.9138185850
-1.9113606928
-1.9002393004
-1.8908761509
-1.8817016616
-1.8749703746
-1.8722558737
-1.8649463084
-1.8630689439
-1.8592414438
-1.8526181156
-1.8512583489
-1.8494558638
-1.8462482968
-1.8362768680
-1.8352482572
-1.8317160285
-1.8280737915
-1.8240262575
-1.8202256127
-1.8175234680
-1.8157296307
-1.8135861820
-1.8103441832
-1.8081410169
-1.8045864716
-1.8020229457
-1.8005585506
-1.7968163290
-1.7948330317
-1.7911289452
-1.7894151493
-1.7883489100
-1.7867733958
-1.7851090868
-1.7826227796
-1.7795315757
-1.7770611967
-1.7748959607
-1.7723906689
-1.7707068576
-1.7689859081
-1.7670234733
-1.7659425177
-1.7636953773
-1.7605664608
-1.7587419922
-1.7578924651
-1.7563987296
-1.7547385421
-1.7529182300
-1.7514427584
-1.7498406093
-1.7493264526
-1.7482756165
-1.7461312593
-1.7436315533
-1.7433188020
-1.7409108085
-1.7395652080
-1.7386255391
-1.7378481136
-1.7360862818
-1.7345996377
-1.7331672279
-1.7314685713
-1.7295091963
-1.7280540440
-1.7272717209
-1.7262372156
-1.7249982039
-1.7236675356
-1.7224035489
-1.7211269808
-1.7200418469
-1.7187506996
-1.7179955990
-1.7168102714
-1.7159059826
-1.7144575416
-1.7134397991
-1.7125258300
-1.7115594777
-1.7100265424
-1.7093028013
-1.7079002082
-1.7060786835
-1.7056220205
-1.7041210570
-1.7035297090
-1.7033155585
-1.7012328842
-2.3501576463
-2.2846104246
-2.2518261414
-2.2190260490
-2.2005997569
-2.1900088037
-2.1785494294
-2.1597418548
-2.1546613588
-2.1509561712
-2.1347822695
-2.1248828959
-2.1179337888
-2.1095471757
-2.1014126227
-2.0964523770
-2.0919834774
-2.0878103650
-2.0808421954
-2.0765007632
-2.0732616236
-2.0694112745
-2.0639945679
-2.0602336240
-2.0576893827
-2.0514243891
-2.0449130164
-2.0414647071
-2.0349004356
-2.0330852970
-2.0308634564
-2.0266153317
-2.0231654667
-2.0211728686
-2.0180987285
-2.0131507003
-2.0126752024
-2.0101970012
-2.0071895405
-2.0045019063
-2.0019750424
-1.9998310113
-1.9958507604
-1.9936178980
-1.9929536779
-1.9894713819
-1.9877552368
-1.9850898274
-1.9836485979
-1.9818270039
-1.9789862271
-1.9765517349
-1.9735532576
-1.9706224410
-1.9689148637
-1.9665501291
-1.9652024910
-1.9638137486
-1.9617460125
-1.9601562634
-1.9571492213
-1.9559921972
-1.9536434985
-1.9514811392
-1.9498481993
-1.9482785910
-1.9477136112
-1.9455250919
-1.9439444853
-1.9430830123
-1.9406791924
-1.9396367676
-1.9377988725
-1.9363794072
-1.9334782933
-1.9320987997
-1.9311625216
-1.9297953035
-1.9281446925
-1.9255102708
-1.9242775701
-1.9230008598
-1.9206249736
-1.9198293513
-1.9194533635
-1.9174322050
-1.9158309442
-1.9150445018
-1.9141812199
-1.9135411500
-1.9100846780
-1.9085194212
-1.9079195797
-1.9068855171
-1.9059761095
-1.9047524264
-1.9026437590
-1.9020249309
-1.9008590713
-1.8993526711
-2.1112995613
-2.0153137128
-2.0088467811
-1.9916180662
-1.9648320087
-1.9351264510
-1.9216634502
-1.9139119479
-1.9093472287
-1.9028353515
-1.8993172097
-1.8904628669
-1.8755404329
-1.8719102097
-1.8693647138
-1.8611714807
-1.8521221164
-1.8466813318
-1.8427833167
-1.8380888736
-1.8323944750
-1.8303422559
-1.8274596589
-1.8222128958
-1.8162878626
-1.8159687534
-1.8116879044
-1.8111887524
-1.8085021160
-1.8051811665
-1.8027841986
-1.7987747346
-1.7949833064
-1.7904856185
-1.7895807752
-1.7858681338
-1.7838096938
-1.7808207494
-1.7778416843
-1.7742618619
-1.7725755357
-1.7695988336
-1.7664277944
-1.7649473405
-1.7614603140
-1.7588544160
-1.7555755096
-1.7526346225
-1.7514918335
-1.7497482975
-1.7474325756
-1.7462617727
-1.7448614594
-1.7428361494
-1.7388705098
-1.7368647013
-1.7362730176
-1.7349656606
-1.7330027099
-1.7320153195
-1.7300044472
-1.7281180950
-1.7265234002
-1.7258925545
-1.7245488713
-1.7238112842
-1.7222438927
-1.7196733988
-1.7177167033
-1.7168888760
-1.7165324977
-1.7144618988
-1.7131501142
-1.7123325061
-1.7106116729
-1.7094665849
-1.7086897918
-1.7071519272
-1.7058345364
-1.7047038466
-1.7026982493
-1.7010617625
-1.6998301046
-1.6979408630
-1.6975284684
-1.6958788290
-1.6954445927
-1.6930681552
-1.6925468630
-1.6901210119
-1.6895506500
-1.6882822188
-1.6870890149
-1.6859567870
-1.6847821657
-1.6836471983
-1.6829151059
-1.6814124850
-1.6796027072
-1.6785089042
-2.1465505829
-2.0950592252
-2.0734381753
-2.0475061427
-2.0284857295
-2.0078401888
-2.0046286862
-2.0037090491
-1.9922934520
-1.9885432220
-1.9710448627
-1.9668417380
-1.9650159355
-1.9571580726
-1.9544989387
-1.9492321954
-1.9445546347
-1.9416725157
-1.9399008495
-1.9333724451
-1.9323374624
-1.9284033994
-1.9247523078
-1.9221551971
-1.9205359680
-1.9175461781
-1.9150552040
-1.9102664948
-1.9050960668
-1.9044690748
-1.9018331259
-1.9006042553
-1.8984700951
-1.8953053933
-1.8920569348
-1.8909971134
-1.8891641739
-1.8857451540
-1.8837652687
-1.8820972375
-1.8817280293
-1.8777879720
-1.8742331205
-1.8734567343
-1.8686124389
-1.8677011998
-1.8668370389
-1.8646547687
-1.8628021345
-1.8616585108
-1.8601684756
-1.8586772182
-1.8583802252
-1.8565528316
-1.8548240812
-1.8520596838
-1.8501631760
-1.8471554196
-1.8460299899
-1.8457617946
-1.8428881827
-1.8415527348
-1.8401447430
-1.8384194102
-1.8373960086
-1.8354233714
-1.8334859828
-1.8324480658
-1.8304731213
-1.8293104486
-1.8286147943
-1.8270356054
-1.8262337156
-1.8247853828
-1.8237943277
-1.8222384124
-1.8213174200
-1.8187109841
-1.8167840029
-1.8160141931
-1.8146938185
-1.8143738216
-1.8127511665
-1.8109408003
-1.8105281073
-1.8092191826
-1.8081130976
-1.8069457455
-1.8064051463
-1.8047336945
-1.8036683925
-1.8031302743
-1.8010298934
-1.8000896933
-1.7992882493
-1.7978409011
-1.7957793948
-1.7951757217
-1.7944251274
-1.7935081031
-1.8735340770
-1.8620301762
-1.8527855684
-1.8503432379
-1.8464513781
-1.8424904131
-1.8372231558
-1.8371267713
-1.8256769260
-1.8169269617
-1.8127404002
-1.8092824072
-1.8049894406
-1.8048926144
-1.7934308365
-1.7854317582
-1.7850077087
-1.7810646084
-1.7768593088
-1.7745896924
-1.7718565068
-1.7679314340
-1.7650811349
-1.7633980349
-1.7606204614
-1.7582138428
-1.7564058853
-1.7559507900
-1.7531449530
-1.7517946047
-1.7504994993
-1.7477332015
-1.7463488394
-1.7443932412
-1.7435218253
-1.7386741666
-1.7369609348
-1.7352819971
-1.7346238762
-1.7328077220
-1.7317866120
-1.7302973941
-1.7287282664
-1.7276773382
-1.7270451393
-1.7241408248
-1.7214579447
-1.7198078238
-1.7180622314
-1.7173929227
-1.7170410266
1.7156525859
1.7159244704
1.7161986874
1.7167759652
1.7172958860
1.7179843241
1.7184372346
1.7189068253
1.7192963618
1.7198635992
1.7203429025
1.7209649275
1.7213457182
1.7224000403
1.7227320587
1.7232910087
1.7238583229
1.7243658175
1.7252941468
1.7256727944
1.7258663698
1.7266469427
1.7274347037
1.7281348696
1.7284275408
1.7295783021
1.7302636561
1.7307793321
1.7314488207
1.7321710569
1.7323167799
1.7330990054
1.7335320560
1.7341836046
1.7345322936
1.7347914381
1.7354983606
1.7361535853
1.7367143132
1.7378054305
1.7380597483
1.7387456993
1.7393836180
1.7401383982
1.7407061694
1.7416165208
1.7422560824
1.7424685714
1.7429376777
-2.4721580568
-2.3959818764
-2.3397580461
-2.3215063296
-2.3104430311
-2.2990313181
-2.2811660850
-2.2547906288
-2.2404561811
-2.2280723665
-2.2202254452
-2.2035912888
-2.1984256596
-2.1933605753
-2.1889645524
-2.1836455567
-2.1706607383
-2.1653274748
-2.1591455832
-2.1546575557
-2.1516973542
-2.1466917736
-2.1435667305
-2.1359801261
-2.1341957214
-2.1287570257
-2.1234468440
-2.1176068850
-2.1125834648
-2.1061495224
-2.1056900631
-2.1016259873
-2.0978075348
-2.0951731247
-2.0915500194
-2.0871808517
-2.0856244459
-2.0777305271
-2.0748416939
-2.0714151588
-2.0683557583
-2.0622268083
-2.0590587341
-2.0571370132
-2.0539999976
-2.0514060935
-2.0500181127
-2.0474458722
-2.0458119771
-2.0434043548
-2.0399436158
-2.0382334816
-2.0361452161
-2.0334345636
-2.0287862790
-2.0273604409
-2.0260925425
-2.0242007962
-2.0228020012
-2.0191823057
-2.0179530870
-2.0141941672
-2.0106646145
-2.0098962221
-2.0075158772
-2.0069685510
-2.0052026969
-2.0028769739
-2.0009957891
-1.9987727211
-1.9975540141
-1.9961891095
-1.9925812450
-1.9906400745
-1.9901209831
-1.9873484824
-1.9856401469
-1.9830913877
-1.9819422508
-1.9813016282
-1.9798151828
-1.9785848742
-1.9774151796
-1.9753467043
-1.9734436350
-1.9717901327
-1.9701889059
-1.9686669368
-1.9663530657
-1.9652677039
-1.9634679627
-1.9630836778
-1.9608764577
-1.9576965895
-1.9566084784
-1.9545754176
-1.9540728222
-1.9523435884
-1.9502778836
-1.9498112058
-2.3595804969
-2.2834562780
-2.2554544428
-2.2254934515
-2.2004615693
-2.1796540469
-2.1653322317
-2.1528755455
-2.1473090085
-2.1376745881
-2.1269705325
-2.1170497086
-2.1081057392
-2.0981607127
-2.0939329162
-2.0899352920
-2.0822049369
-2.0748784799
-2.0675721058
-2.0624656974
-2.0588275650
-2.0549009524
-2.0521933711
-2.0463808122
-2.0393420413
-2.0354843823
-2.0310331026
-2.0255166160
-2.0222676462
-2.0191124769
-2.0157508546
-2.0146005675
-2.0127581446
-2.0094489622
-2.0020433342
-2.0005855039
-1.9964840795
-1.9926610657
-1.9904002014
-1.9867933510
-1.9844703913
-1.9816255804
-1.9790653985
-1.9766784900
-1.9748192933
-1.9714922578
-1.9707755437
-1.9669372296
-1.9652748004
-1.9629434458
-1.9620917113
-1.9604880847
-1.9564012247
-1.9534854039
-1.9520772810
-1.9493653498
-1.9455027063
-1.9431928676
-1.9413743965
-1.9397468894
-1.9374187103
-1.9360529055
-1.9348299802
-1.9341777659
-1.9310488264
-1.9302065393
-1.9290272533
-1.9264834639
-1.9235498458
-1.9218043001
-1.9203064235
-1.9172256857
-1.9160027474
-1.9139389993
-1.9114254966
-1.9094066497
-1.9071897677
-1.9062028272
-1.9046256699
-1.9041462945
-1.9023198573
-1.9011832688
-1.9004352138
-1.8985224817
-1.8972243716
-1.8957693498
-1.8945878803
-1.8935908859
-1.8911045178
-1.8902792807
-1.8883979644
-1.8864573344
-1.8852618388
-1.8843839264
-1.8829020115
-1.8812375242
-1.8808051184
-1.8802569275
-1.8781693134
-1.8771388662
-2.0411100019
-1.9885746751
-1.9627745860
-1.9361301122
-1.9158317451
-1.9096414062
-1.9006251431
-1.8888710102
-1.8826097720
-1.8783970656
-1.8607612244
-1.8589288823
-1.8536587920
-1.8429858763
-1.8391544665
-1.8354888723
-1.8313385634
-1.8264032582
-1.8235332178
-1.8168529087
-1.8114201781
-1.8076538589
-1.8046117118
-1.8018116175
-1.7976682632
-1.7951753561
-1.7872736737
-1.7855409997
-1.7834474438
-1.7807922457
-1.7776069033
-1.7729669188
-1.7705073508
-1.7693730422
-1.7679510799
-1.7664426741
-1.7634057233
-1.7618126240
-1.7588239268
-1.7580528717
-1.7542391896
-1.7521640813
-1.7501784577
-1.7476065414
-1.7454507173
-1.7447822563
-1.7433433910
-1.7419305853
-1.7377514048
-1.7368665380
-1.7353934132
-1.7326541777
-1.7302672805
-1.7281717928
-1.7266522220
-1.7251133990
-1.7235031757
-1.7209039209
-1.7191044450
-1.7175537496
-1.7157873311
-1.7138261595
-1.7125566959
-1.7116345529
-1.7103467256
-1.7093046040
-1.7080561376
-1.7063454866
-1.7046596278
-1.7031319351
-1.7021168844
-1.7006222878
-1.6997921496
-1.6972748100
-1.6965236934
-1.6951814644
-1.6948158135
-1.6943016673
-1.6931842896
-1.6908991402
-1.6890222448
-1.6883523894
-1.6876167632
-1.6857541985
-1.6843428345
-1.6835980859
-1.6820427915
-1.6813142991
-1.6804066291
-1.6792772913
-1.6775638199
-1.6770805027
-1.6753971889
-1.6743453421
-1.6730221596
-1.6718072255
-1.6710933676
-1.6690143052
-1.6684325350
-1.6675368535
-1.8546515516
-1.8480393580
-1.8410136306
-1.8325068976
-1.8233079310
-1.8141198146
-1.8064062351
-1.7901384906
-1.7826599647
-1.7750436299
-1.7681350242
-1.7654681545
-1.7620824654
-1.7588094267
-1.7579113822
-1.7531764752
-1.7486320730
-1.7456828709
-1.7442199201
-1.7386921781
-1.7370604050
-1.7351413943
-1.7304223383
-1.7263265037
-1.7242119650
-1.7210163559
-1.7194116306
-1.7150423031
-1.7122619286
-1.7105380490
-1.7059244261
-1.7038186304
-1.7021463276
-1.6999457147
-1.6978096353
-1.6959409374
-1.6933124622
-1.6922153269
-1.6902405013
-1.6889102257
-1.6871888089
-1.6852923985
-1.6844031846
-1.6831569018
-1.6820829137
-1.6797509235
-1.6788929301
-1.6773938200
-1.6754308416
-1.6730252033
-1.6722507058
-1.6716347361
-1.6708199502
-1.6682709653
-1.6652303505
-1.6640784493
-1.6625091955
-1.6619316083
-1.6602116082
-1.6599129964
-1.6586324800
-1.6579901932
-1.6566740309
-1.6554142753
-1.6539763785
-1.6529881584
-1.6507294153
-1.6503349482
-1.6490899743
-1.6477769829
-1.6465090094
-1.6454028761
-1.6442101901
-1.6428571786
-1.6416446052
-1.6404091023
-1.6397574457
-1.6387319294
-1.6363659257
-1.6351002466
-1.6343060827
-1.6336376111
-1.6320302570
-1.6310011854
-1.6303755112
-1.6291523016
-1.6278992801
-1.6273744001
-1.6262294683
-1.6249531272
-1.6237941234
-1.6224279592
-1.6214259769
-1.6210253322
-1.6200586294
-1.6196464468
-1.6189414725
-1.6173905660
-1.6166106749
1.6166066597
-2.1935995013
-2.1020235377
-2.0852649727
-2.0634650052
-2.0438442986
-2.0182275616
-2.0070155230
-1.9867379718
-1.9806504678
-1.9686753289
-1.9653560447
-1.9535053905
-1.9492068585
-1.9446321374
-1.9357779926
-1.9286156343
-1.9232717711
-1.9171479003
-1.9132237170
-1.9080458220
-1.8992071125
-1.8967636980
-1.8923179695
-1.8892065416
-1.8818696482
-1.8770843058
-1.8720424044
-1.8694910866
-1.8656679921
-1.8622150128
-1.8573988015
-1.8540140052
-1.8507394258
-1.8491557549
-1.8469446202
-1.8412860984
-1.8396542100
-1.8375301258
-1.8347748998
-1.8327929318
-1.8283439677
-1.8261340720
-1.8251135540
-1.8227950833
-1.8203555700
-1.8163061563
-1.8153311063
-1.8100160579
-1.8080249325
-1.8071919691
-1.8054528166
-1.8026304612
-1.7999314070
-1.7992278988
-1.7972598135
-1.7963820050
-1.7949373427
-1.7921983180
-1.7896655470
-1.7865688053
-1.7848777889
-1.7817774338
-1.7801556858
-1.7791777563
-1.7777753840
-1.7754511505
-1.7725937729
-1.7714132636
-1.7709817071
-1.7685284525
-1.7664594114
-1.7647285094
-1.7623492942
-1.7612604611
-1.7597338226
-1.7589268891
-1.7568077427
-1.7561266149
-1.7549853029
-1.7535255672
-1.7503493426
-1.7489573484
-1.7469816654
-1.7459929929
-1.7432986083
-1.7421634298
-1.7414623208
-1.7398492241
-1.7388036617
-1.7376518609
-1.7366754492
-1.7357610819
-1.7333462398
-1.7323474180
-1.7303314630
-1.7290783143
-1.7278553007
-1.7264235736
-1.7255680918
-1.7240037164
-1.8595243567
1.8250583709
1.8256641234
1.8267755897
1.8269011171
1.8276784429
1.8285467091
1.8290185555
1.8296033343
1.8301953805
1.8309493006
1.8313865101
1.8319790387
1.8329247077
1.8332855184
1.8340911791
1.8347919237
1.8355100038
1.8356922794
1.8363441438
1.8371279826
1.8377265630
1.8382710750
1.8386664404
1.8392776344
1.8400649547
1.8403063898
1.8412672159
1.8417864276
1.8421860808
1.8436701770
1.8441941794
1.8445316785
1.8454599569
1.8461236919
1.8467520557
1.8475664506
1.8478740169
1.8485498650
1.8493336731
1.8497097090
1.8505440858
1.8510622410
1.8524466213
1.8527391585
1.8537839730
1.8544495726
1.8547583467
1.8553372005
1.8561736750
1.8572637798
1.8577079827
1.8584539984
1.8591036731
1.8598267406
1.8604373429
1.8609723216
1.8623570425
1.8630462543
1.8638720994
1.8647031174
1.8650844648
1.8657525738
1.8666739094
1.8670799838
1.8675556456
1.8682934509
1.8687130084
1.8699278211
1.8708518634
1.8716016675
1.8721736197
1.8728381771
1.8737667352
1.8744448760
1.8749172360
1.8759561857
1.8763737981
1.8774062587
1.8781486602
1.8789061094
1.8794865152
1.8802370291
1.8814556961
1.8819458824
1.8834382125
1.8843610501
1.8846121789
1.8860070456
1.8863134292
1.8867590247
1.8880888219
1.8884675927
1.8894484039
1.8898086571
1.8907457389
1.8915590862
1.8930382134
1.8938740113
1.8942254636
-1.9882670849
-1.9501601544
-1.9202106349
-1.9148188880
-1.8896464192
-1.8864766798
-1.8799975429
-1.8620996700
-1.8587763130
-1.8520451421
-1.8488752544
-1.8448278449
-1.8420277674
-1.8347357695
-1.8265000851
-1.8236919903
-1.8197050755
-1.8185751562
-1.8156797675
-1.8102748631
-1.8029812572
-1.7990045162
-1.7935779524
-1.7924589764
-1.7889693440
-1.7868629147
-1.7851211431
-1.7836019919
-1.7804925591
-1.7770027520
-1.7748385127
-1.7735967102
-1.7721537313
-1.7658525746
-1.7642595206
-1.7632339158
-1.7607792528
-1.7581772789
-1.7547823039
-1.7534821447
-1.7521366284
-1.7504560343
-1.7479453162
-1.7471783789
-1.7448464623
-1.7427542890
-1.7419593242
-1.7411790620
-1.7355745063
-1.7335340464
-1.7327250069
-1.7311135158
-1.7300901169
-1.7270387442
-1.7266340460
1.7260231613
1.7267567643
1.7274772750
1.7283051001
1.7292226920
1.7295380035
1.7300781623
1.7303912466
1.7309684498
1.7319733724
1.7322058182
1.7330904281
1.7332003643
1.7339461608
1.7345032023
1.7351091101
1.7361017523
1.7366075072
1.7369117998
1.7377610379
1.7379826876
1.7385279476
1.7390124166
1.7397089119
1.7400782242
1.7409937798
1.7413474230
1.7415085481
1.7421487693
1.7427422447
1.7435589094
1.7439376622
1.7443028966
1.7449551607
1.7458449113
1.7464352419
1.7469287677
1.7481104113
1.7486859566
1.7495029143
1.7502263923
1.7511673294
1.7517435559
1.7521917674
1.7531631446
-1.9910186742
-1.9663801990
-1.9448084867
-1.9222827024
-1.8976372218
-1.8962674215
-1.8736479071
-1.8701731206
-1.8686827315
-1.8531435367
-1.8504479436
-1.8433953298
-1.8389298202
-1.8377600878
-1.8351232125
-1.8299661875
-1.8239009504
-1.8196777972
-1.8117127082
-1.8069420996
-1.8036993580
-1.8024908415
-1.7969972597
-1.7955887069
-1.7873337632
-1.7849892270
-1.7826598295
-1.7796512340
-1.7790106594
-1.7776331049
-1.7729049880
-1.7714747258
-1.7692990135
-1.7652157536
-1.7636593960
-1.7619417493
-1.7602222298
-1.7558930200
-1.7537925709
-1.7518821802
-1.7507148520
-1.7477164342
-1.7462001870
-1.7451966598
-1.7428000428
-1.7417639784
-1.7405922305
-1.7369298867
-1.7338811283
-1.7326434560
-1.7308545852
-1.7295397101
-1.7282379981
-1.7266279885
-1.7244081699
-1.7221994957
-1.7206254986
-1.7190253618
-1.7171357260
-1.7159036565
-1.7155145660
-1.7137477426
-1.7124886355
1.7105994148
1.7111275833
1.7122967471
1.7126846954
1.7133068940
1.7134182224
1.7144240164
1.7148012985
1.7155042380
1.7157778183
1.7166241911
1.7172242405
1.7174005968
1.7183865633
1.7189652340
1.7197213003
1.7199862952
1.7202529988
1.7211633938
1.7219074900
1.7224360046
1.7228256206
1.7236929912
1.7240227034
1.7250454747
1.7255591932
1.7259039989
1.7267967114
1.7271541814
1.7280913188
1.7286423840
1.7292780187
1.7298026243
1.7300296501
1.7310623922
1.7313539662
1.7320977225
-2.2622280148
-2.1916882010
-2.1462774772
-2.1291005952
-2.1226896268
-2.1022933209
-2.0752872470
-2.0701496527
-2.0586961551
-2.0539217912
-2.0502281203
-2.0321946951
-2.0291153590
-2.0176934546
-2.0110120871
-2.0057707586
-2.0036456203
-1.9999832830
-1.9912376221
-1.9885367462
-1.9854821521
-1.9827496546
-1.9780648447
-1.9723821604
-1.9638196022
-1.9613824172
-1.9591211501
-1.9534522474
-1.9477581995
-1.9446949772
-1.9426382967
-1.9397345461
-1.9383988655
-1.9362740325
-1.9344036015
-1.9289110545
-1.9242385930
-1.9230725017
-1.9205056323
-1.9177084813
-1.9155524762
-1.9133350328
-1.9124687249
-1.9103904297
-1.9091482211
-1.9039256732
-1.8992982118
-1.8967629702
-1.8937489076
-1.8926800773
-1.8903737460
-1.8879671428
-1.8871634500
-1.8847331449
-1.8831247487
-1.8799173644
-1.8783060198
-1.8765153710
-1.8754365152
-1.8730512308
-1.8716193020
-1.8702604966
-1.8689275021
-1.8680575994
-1.8671218317
-1.8657847418
-1.8627438389
-1.8618917360
-1.8598446307
-1.8577836939
-1.8565916813
-1.8543339249
-1.8521302747
-1.8508220850
-1.8491034405
-1.8474569044
-1.8464692339
-1.8452016005
-1.8444988252
-1.8435629439
-1.8426025999
-1.8419647857
-1.8396901597
-1.8386045843
-1.8349685339
-1.8329787353
-1.8311471315
-1.8298840816
-1.8290247063
-1.8280504283
-1.8268041248
-1.8243108171
-1.8237475180
-1.8222070046
-1.8209567792
-1.8198875904
-1.8190478506
-1.8172556251
-1.8169683760
-1.8154594390
-2.3381054340
-2.3060211335
-2.2708461806
-2.2312827382
-2.2029444197
-2.1878920770
-2.1723355626
-2.1657527350
-2.1461442084
-2.1421261367
-2.1398887109
-2.1314462915
-2.1266450453
-2.1114252305
-2.1063368007
-2.1009524827
-2.0955722388
-2.0930663576
-2.0895221390
-2.0808754853
-2.0760768637
-2.0706370391
-2.0667383580
-2.0624752273
-2.0565211888
-2.0550372454
-2.0527565374
-2.0492704010
-2.0427655860
-2.0389662869
-2.0360422677
-2.0293132514
-2.0259355449
-2.0248434670
-2.0188445575
-2.0174234516
-2.0160598731
-2.0122594421
-2.0087812780
-2.0055834001
-2.0022170475
-2.0007146495
-1.9983118691
-1.9955751143
-1.9922307214
-1.9876122243
-1.9863440558
-1.9827921861
-1.9807920048
-1.9792559178
-1.9774176534
-1.9766104112
-1.9747959789
-1.9729989295
-1.9717990504
-1.9676775414
-1.9639197495
-1.9625499977
-1.9600780233
-1.9583616305
-1.9556828196
-1.9539546450
-1.9528165681
-1.9509849384
-1.9478200878
-1.9461250714
-1.9446214157
-1.9431152291
-1.9414142642
-1.9402589222
-1.9387496784
-1.9367498248
-1.9353690560
-1.9337899308
-1.9317687358
-1.9307759129
-1.9282211986
-1.9253716694
-1.9229589242
-1.9204785816
-1.9196752809
-1.9183679640
-1.9168405107
-1.9156945084
-1.9143066559
-1.9140035696
-1.9115922857
-1.9101924559
-1.9090091271
-1.9086912694
-1.9069935092
-1.9047732693
-1.9034982024
-1.9023238113
-1.9013109194
-1.8996651253
-1.8972328327
-1.8957848285
-1.8947278595
-1.8944067267
-2.3506472408
-2.2480259505
-2.2196085096
-2.1958830321
-2.1606149684
-2.1555681121
-2.1438968754
-2.1287387046
-2.1101772024
-2.1044319178
-2.0918786588
-2.0812494732
-2.0792119059
-2.0676622782
-2.0591180247
-2.0519078220
-2.0406498292
-2.0387120355
-2.0346519005
-2.0274815273
-2.0214458122
-2.0124046427
-2.0069768347
-2.0050680516
-1.9999222270
-1.9956851055
-1.9903261931
-1.9883060375
-1.9844270755
-1.9825013769
-1.9753202187
-1.9729330531
-1.9669054133
-1.9651841271
-1.9613793800
-1.9595641502
-1.9565269067
-1.9511072592
-1.9498365484
-1.9458385938
-1.9413043549
-1.9377218028
-1.9372932363
-1.9337562964
-1.9304962105
-1.9281780126
-1.9266221010
-1.9246879905
-1.9222173873
-1.9199055615
-1.9184609811
-1.9139422455
-1.9117418796
-1.9092226888
-1.9070074712
-1.9052209943
-1.9023569717
-1.8993574526
-1.8963733283
-1.8938873830
-1.8923314326
-1.8920486066
-1.8902237844
-1.8882126392
-1.8850717837
-1.8844824498
-1.8808275435
-1.8793474948
-1.8772053341
-1.8758912435
-1.8741968706
-1.8716783139
-1.8708421287
-1.8678393432
-1.8654826515
-1.8640876747
-1.8631646195
-1.8614445934
-1.8598494988
-1.8575836169
-1.8564082680
-1.8549304145
-1.8531677594
-1.8522514269
-1.8510361454
-1.8493214711
-1.8475277521
-1.8465719308
-1.8449589992
-1.8429058425
-1.8415625337
-1.8397559626
-1.8385529847
-1.8366535574
-1.8351362521
-1.8335988989
-1.8332937119
-1.8322682196
-1.8302504840
-1.8286886439
-2.1208592668
-2.0516134320
-2.0115617168
-1.9933410677
-1.9877854391
-1.9625094121
-1.9447513778
-1.9324579235
-1.9262028835
-1.9179609877
-1.9136228092
-1.9049567863
-1.9025029444
-1.8838415530
-1.8813036621
-1.8793006624
-1.8710678113
-1.8678381203
-1.8622939379
-1.8552300883
-1.8516469389
-1.8485470049
-1.8443413507
-1.8382413932
-1.8360362762
-1.8316009678
-1.8301440015
-1.8263607788
-1.8240723330
-1.8199493471
-1.8174433387
-1.8137965074
-1.8100583087
-1.8067541149
-1.8046890651
-1.8015491549
-1.8000593030
-1.7984873221
-1.7962062323
-1.7939626703
-1.7912599873
-1.7895090474
-1.7880736492
-1.7862494057
-1.7824913180
-1.7802777344
-1.7771637326
-1.7766001106
-1.7735660760
-1.7711115261
-1.7683892539
-1.7659382589
-1.7642509549
-1.7624201646
-1.7612539687
-1.7585327734
-1.7564342116
-1.7555625045
-1.7544796352
-1.7522855341
-1.7503492610
-1.7482728502
-1.7473084784
-1.7453950664
-1.7438672174
-1.7431107001
-1.7419259019
-1.7402254989
-1.7380420788
-1.7363858128
-1.7348825791
-1.7334090504
-1.7319760520
-1.7308270253
-1.7280151367
-1.7264875242
-1.7254481764
-1.7247232889
-1.7227695122
-1.7217823298
-1.7201445526
-1.7196912416
-1.7182806863
-1.7169244738
-1.7164089673
-1.7149044041
-1.7130818553
-1.7113852501
-1.7101735267
-1.7095905446
-1.7091885781
-1.7084457292
-1.7074594581
-1.7062219698
-1.7044912118
-1.7036088220
-1.7024098693
-1.7005256877
-1.6988786813
-1.6979252527
-2.0462167455
-2.0114235680
-1.9743535764
-1.9582410101
-1.9344957534
-1.9289061856
-1.9242664740
-1.9067079985
-1.8966151343
-1.8913409904
-1.8893233809
-1.8814182699
-1.8716272870
-1.8678857902
-1.8589684678
-1.8547974322
-1.8520372604
-1.8472951417
-1.8434570904
-1.8403520530
-1.8369929497
-1.8304418276
-1.8262051366
-1.8203140491
-1.8189958210
-1.8161817312
-1.8155237924
-1.8121223290
-1.8065485286
-1.8040543959
-1.8010382460
-1.7980928437
-1.7956405204
-1.7943921059
-1.7916071157
-1.7895926722
-1.7862816220
-1.7847522237
-1.7832523754
-1.7810198532
-1.7779461829
-1.7741780836
-1.7729413210
-1.7709043652
-1.7690351471
-1.7674362417
-1.7642149582
-1.7631642421
-1.7600032155
-1.7593148251
-1.7576797403
-1.7563708559
-1.7532550147
-1.7510173888
-1.7498448977
-1.7477395152
-1.7448102401
-1.7430468455
-1.7423387105
-1.7412348202
-1.7404731460
-1.7388298186
-1.7377195002
-1.7356422478
-1.7337350661
-1.7325833511
-1.7311903423
-1.7293854189
-1.7274731182
-1.7272002844
-1.7266930192
-1.7244244379
-1.7228036813
-1.7217776259
-1.7202913728
-1.7180354191
-1.7169699219
-1.7164263272
-1.7146599998
-1.7141542940
-1.7128903550
-1.7112691440
-1.7097388122
-1.7078563311
-1.7074348857
-1.7060410473
-1.7056129056
-1.7042566474
-1.7031719732
-1.7011177565
-1.7008933268
-1.6997626357
-1.6986643984
-1.6976492199
-1.6962785334
-1.6954884052
-1.6944779681
-1.6934376671
-1.6920885002
-1.6913007481
-2.1038166860
-2.0779524001
-2.0559035405
-2.0394142680
-2.0282499267
-2.0219562792
-2.0162458223
-2.0065642684
-2.0019693256
-1.9853544699
-1.9811237173
-1.9708769940
-1.9684931237
-1.9558063639
-1.9537255580
-1.9484247044
-1.9462337599
-1.9395728223
-1.9377003623
-1.9319042761
-1.9303879607
-1.9257804569
-1.9203660431
-1.9159256468
-1.9123303296
-1.9096782403
-1.9057836363
-1.9028149826
-1.8998274343
-1.8962630712
-1.8940820754
-1.8923803161
-1.8908988571
-1.8867353528
-1.8857474277
-1.8833452352
-1.8812171568
-1.8797252549
-1.8769474389
-1.8762609298
-1.8712232414
-1.8699304581
-1.8692850742
-1.8671402374
-1.8653415667
-1.8638877597
-1.8613423718
-1.8601196601
-1.8585773364
-1.8576440506
-1.8564617356
-1.8537929843
-1.8516172636
-1.8489856866
-1.8472095543
-1.8441170886
-1.8429976717
-1.8403535270
-1.8389572792
-1.8381478461
-1.8368358854
-1.8352327823
-1.8332647188
-1.8305125526
-1.8275404179
-1.8268126903
-1.8262275684
-1.8243126926
-1.8226322705
-1.8215583862
-1.8204201772
-1.8186610527
-1.8171389302
-1.8139923899
-1.8128200837
-1.8121407609
-1.8110130808
-1.8100840886
-1.8084157870
-1.8075429685
-1.8053865526
-1.8045481562
-1.8042823300
-1.8026289388
-1.8015577191
-1.8006250999
-1.7988236842
-1.7983271588
-1.7964890919
-1.7960966369
-1.7953077170
-1.7941994456
-1.7931392829
-1.7919324891
-1.7906441531
-1.7891163040
-1.7886633100
-1.7869150137
-1.7858131499
-1.7848036066
-2.2640564918
-2.1791092298
-2.1546376074
-2.1375884106
-2.1175055907
-2.0939596239
-2.0820616258
-2.0712282903
-2.0656718490
-2.0477564852
-2.0446984656
-2.0331365548
-2.0255492022
-2.0173412151
-2.0117956355
-2.0054989250
-2.0036730141
-1.9951114416
-1.9909134073
-1.9862616421
-1.9832015951
-1.9789629441
-1.9666825374
-1.9653796048
-1.9596805781
-1.9573124883
-1.9562166209
-1.9513054007
-1.9453140560
-1.9445982584
-1.9390296302
-1.9351973084
-1.9346836789
-1.9309081895
-1.9291866537
-1.9228734031
-1.9216816453
-1.9183864459
-1.9162075733
-1.9147046502
-1.9094991583
-1.9081824064
-1.9062789061
-1.9039839178
-1.9014850359
-1.8993683724
-1.8960022813
-1.8939205257
-1.8913637687
-1.8891288525
-1.8888036481
-1.8859779259
-1.8836736297
-1.8822329453
-1.8794164208
-1.8756688349
-1.8748637898
-1.8737089875
-1.8709472064
-1.8701991395
-1.8676178100
-1.8656811423
-1.8638154287
-1.8609057706
-1.8598506060
-1.8575614454
-1.8567445476
-1.8559809095
-1.8535822677
-1.8528028236
-1.8506913553
-1.8474186674
-1.8460448926
-1.8446794418
-1.8439886850
-1.8426597289
-1.8412593155
-1.8390961333
-1.8382145365
-1.8362509733
-1.8340484516
-1.8327629974
-1.8311971957
-1.8294762578
-1.8288863410
-1.8273346842
-1.8256188869
-1.8246128022
-1.8236084226
-1.8223875279
-1.8218346824
-1.8208080104
-1.8194437970
-1.8169956706
-1.8162283286
-1.8151373286
-1.8141473923
-1.8125575826
-1.8116899730
-1.8099836315
-2.2714647353
-2.1961636979
-2.1553345237
-2.1242792725
-2.1167764505
-2.1016815545
-2.0821021186
-2.0681483374
-2.0562225597
-2.0449027095
-2.0380317283
-2.0327153848
-2.0266800371
-2.0153880375
-2.0128823138
-2.0005784558
-1.9926404198
-1.9858525918
-1.9804925005
-1.9784529245
-1.9729717828
-1.9684528697
-1.9649485173
-1.9605275789
-1.9545888789
-1.9506653923
-1.9460228345
-1.9430465712
-1.9422445006
-1.9369443503
-1.9338571635
-1.9306409839
-1.9264210586
-1.9224621681
-1.9188375127
-1.9151685713
-1.9121524236
-1.9095323841
-1.9053393317
-1.9029551148
-1.9012229914
-1.8977907333
-1.8957982123
-1.8924329568
-1.8909511985
-1.8879093446
-1.8861171544
-1.8843379110
-1.8811680313
-1.8792642943
-1.8748866864
-1.8721870541
-1.8703604000
-1.8695639941
-1.8656408142
-1.8645881361
-1.8616848052
-1.8595969177
-1.8573724638
-1.8565426687
-1.8543506050
-1.8533856297
-1.8504737825
-1.8499849449
-1.8471554747
-1.8455695019
-1.8448081952
-1.8431769990
-1.8412220567
-1.8387412131
-1.8367071129
-1.8343522796
-1.8327664588
-1.8317070914
-1.8285808569
-1.8275873132
-1.8251987866
-1.8243766276
-1.8220597717
-1.8212326778
-1.8203863546
-1.8192987031
-1.8176366483
-1.8163383095
-1.8150448785
-1.8135892951
-1.8121859977
-1.8109493842
-1.8097795045
-1.8078561234
-1.8065582946
-1.8061871217
-1.8048674527
-1.8023329051
-1.8001375045
-1.7994149055
-1.7978859058
-1.7967034609
-1.7945502046
-1.7928336606
-2.2107760553
-2.1752759233
-2.1403161397
-2.1348053833
-2.1064831118
-2.0981398760
-2.0867715936
-2.0767364817
-2.0708308408
-2.0614189345
-2.0575415825
-2.0467895565
-2.0411773325
-2.0355966019
-2.0288299133
-2.0267171025
-2.0209352852
-2.0159011143
-2.0123274154
-2.0076166829
-2.0053527469
-2.0022942598
-2.0003203706
-1.9939487483
-1.9932143478
-1.9885812981
-1.9838116342
-1.9809268194
-1.9769715253
-1.9751427560
-1.9713475668
-1.9684978595
-1.9650325118
-1.9619788127
-1.9596595505
-1.9594402340
-1.9561930279
-1.9547890886
-1.9512091908
-1.9501539509
-1.9457994491
-1.9439071170
-1.9418644161
-1.9395494824
-1.9387091220
-1.9366568988
-1.9348732515
-1.9329730473
-1.9319040279
-1.9296802719
-1.9280169985
-1.9267824645
-1.9246331843
-1.9228441011
-1.9195171769
-1.9181357953
-1.9164433853
-1.9145771009
-1.9125673510
-1.9098320638
-1.9085243163
-1.9076327226
-1.9063771019
-1.9047431964
-1.9034172755
-1.9020295409
-1.9011087689
-1.8986904111
-1.8982332244
-1.8964867210
-1.8958342910
-1.8933034972
-1.8920069875
-1.8910361598
-1.8897084343
-1.8889319561
-1.8878768448
-1.8869216884
-1.8858375547
-1.8823043800
-1.8809292788
-1.8800087305
-1.8795683568
-1.8778702549
-1.8768699020
-1.8755621329
-1.8745959341
-1.8728760216
-1.8718155278
-1.8711978355
1.8704961308
1.8710972966
1.8718217666
1.8725595144
1.8729792400
1.8736444654
1.8744996910
1.8748745694
1.8753072688
1.8759980931
-2.0847096077
-2.0470040128
-2.0157306261
-2.0068226771
-1.9772293338
-1.9727170024
-1.9655087943
-1.9529661652
-1.9435625495
-1.9364568225
-1.9320706302
-1.9241294347
-1.9197571598
-1.9132161983
-1.9067397366
-1.9038171978
-1.8954261656
-1.8902179458
-1.8866744953
-1.8841974626
-1.8832084448
-1.8761403348
-1.8734152029
-1.8716350074
-1.8662563884
-1.8640994600
-1.8608093856
-1.8597557964
-1.8539371752
-1.8490749883
-1.8480861315
-1.8467857379
-1.8445198175
-1.8431181518
-1.8404611621
-1.8387184519
-1.8366881627
-1.8349573985
-1.8321816099
-1.8303887482
-1.8269966143
-1.8227860185
-1.8222385311
-1.8208238109
-1.8177279258
-1.8163304355
-1.8138036068
-1.8120845430
-1.8113193828
-1.8094559192
-1.8072055690
-1.8065414559
-1.8051303529
-1.8048597702
-1.8018937790
-1.7991876939
-1.7968802725
-1.7964471850
-1.7942613223
-1.7936666264
-1.7923196396
-1.7911109458
-1.7894437265
-1.7854149111
-1.7841729767
-1.7827363803
-1.7811976038
-1.7807608914
-1.7778886905
-1.7770016138
-1.7754026044
-1.7749730435
-1.7736425821
-1.7716606179
-1.7714355074
-1.7707841976
-1.7703611349
-1.7690181457
-1.7673406155
-1.7659047666
-1.7651854148
-1.7640871301
-1.7633609667
-1.7620956576
-1.7596233135
-1.7579649559
-1.7569683192
-1.7554845985
-1.7546732888
-1.7533154835
-1.7529626720
-1.7519113492
-1.7503661578
-1.7497048182
-1.7495714444
-1.7482019995
-1.7467700738
-1.7460084386
-1.7450334942
-1.7442820504
-1.9925390124
-1.9673802934
-1.9479334819
-1.9338439330
-1.9332590554
-1.9275794033
-1.9244126983
-1.9193671706
-1.9104484796
-1.8932802497
-1.8916107612
-1.8812329884
-1.8782249520
-1.8753375225
-1.8703155907
-1.8701230286
-1.8591770821
-1.8580124598
-1.8538066149
-1.8453903397
-1.8431072099
-1.8383043916
-1.8366253345
-1.8352938100
-1.8328427700
-1.8279594541
-1.8244034723
-1.8237616358
-1.8210339947
-1.8140747754
-1.8125445257
-1.8096134226
-1.8076753576
-1.8053851732
-1.8030736894
-1.8011530550
-1.7981722501
-1.7951353998
-1.7924716421
-1.7905527781
-1.7891628829
-1.7871365362
-1.7861129997
-1.7853484505
-1.7836732684
-1.7820346738
-1.7805262994
-1.7791400348
-1.7766906794
-1.7745229205
-1.7729372902
-1.7714800149
-1.7707625937
-1.7676404762
-1.7669787610
-1.7649774796
-1.7634660083
-1.7616420604
-1.7608581593
-1.7591206339
-1.7583459993
-1.7565611806
-1.7552627514
-1.7541593882
-1.7526443856
-1.7510672086
-1.7495983058
-1.7484341170
-1.7470865446
-1.7454750665
-1.7442384561
-1.7428424169
-1.7416298184
-1.7409053777
-1.7386058164
-1.7374354339
-1.7368400334
-1.7358544085
-1.7347050710
-1.7334716944
-1.7326631234
-1.7322710540
-1.7303991622
-1.7293959599
-1.7282380369
-1.7268084706
-1.7259864048
-1.7244067759
-1.7230167693
-1.7215893579
-1.7211936788
-1.7194529533
-1.7183505473
-1.7175747436
-1.7169549724
-1.7162106517
-1.7151804530
-1.7133812017
-1.7121336956
-1.7113170173
-1.9422647140
-1.9129492248
-1.8893955199
-1.8745205545
-1.8710513439
-1.8582430273
-1.8533193428
-1.8465992709
-1.8441741686
-1.8297645308
-1.8240617954
-1.8214235574
-1.8173380155
-1.8072489026
-1.8038870581
-1.7969497615
-1.7925714439
-1.7898011155
-1.7887713871
-1.7844196776
-1.7774009330
-1.7765425065
-1.7713678054
-1.7685534099
-1.7637093318
-1.7619418534
-1.7577353829
-1.7556137244
-1.7544844184
-1.7502047322
-1.7465657717
-1.7456160625
-1.7413388491
-1.7404517137
-1.7397026806
-1.7379452491
-1.7349953642
-1.7329516587
-1.7310478594
-1.7292660900
-1.7283971449
-1.7248053121
-1.7238393365
-1.7223685988
-1.7210281809
-1.7192454670
-1.7183748452
-1.7176641418
-1.7159445430
-1.7122033406
-1.7094768749
-1.7089775107
-1.7064960236
-1.7053130462
-1.7037649565
-1.7007073233
-1.6990686176
-1.6976846357
-1.6958559775
-1.6940331958
-1.6924393026
-1.6910585694
-1.6900521750
-1.6894178632
-1.6878634711
-1.6868395008
-1.6851696998
-1.6834139007
-1.6822181281
-1.6809966219
-1.6787810160
-1.6781997511
-1.6764428711
-1.6752034193
-1.6740760462
-1.6735881927
-1.6726642585
-1.6721655333
-1.6699547903
-1.6689421298
-1.6682660728
-1.6665908950
-1.6657946223
-1.6653097076
-1.6636399042
-1.6625246834
-1.6614476632
-1.6605135892
-1.6594222889
-1.6583699434
-1.6581058132
-1.6569387730
-1.6563291039
-1.6546279427
-1.6541504749
-1.6527283227
-1.6517830785
-1.6499158626
-1.6495917184
-1.6487186803
-1.9052762712
-1.8570154445
-1.8285464758
-1.8046851193
-1.7937800876
-1.7816851001
-1.7747067412
-1.7658910068
-1.7512539165
-1.7473946571
-1.7422149247
1.7400649458
1.7409387514
1.7417553401
1.7424426610
1.7432369654
1.7437760305
1.7442634755
1.7449935840
1.7456520031
1.7461182327
1.7469542026
1.7476203819
1.7480941408
1.7488561770
1.7491097812
1.7502169981
1.7508257384
1.7515849278
1.7524111963
1.7528628447
1.7541861219
1.7546214905
1.7550323195
1.7561616261
1.7563163331
1.7571276030
1.7572631948
1.7585516731
1.7587251146
1.7597179514
1.7605781925
1.7613053911
1.7617137304
1.7626599753
1.7635129731
1.7638944781
1.7641372284
1.7651232568
1.7657822602
1.7666391961
1.7670701682
1.7681287387
1.7689225179
1.7694613862
1.7699095719
1.7705839978
1.7716742928
1.7723648043
1.7727757880
1.7740991625
1.7746939958
1.7753268954
1.7762607475
1.7773049534
1.7786281509
1.7791414127
1.7799198056
1.7807733752
1.7816988459
1.7819808359
1.7827713300
1.7834875227
1.7838783429
1.7844731599
1.7853635771
1.7866301708
1.7877093287
1.7881064067
1.7886558238
1.7897406731
1.7907281599
1.7908511294
1.7924320656
1.7929954914
1.7938117720
1.7947508272
1.7951313300
1.7964122980
1.7966965633
1.7974287133
1.7985673090
1.7990473571
1.7997313385
1.8013303516
1.8025673592
1.8030797968
1.8037550936
1.8042832583
1.8054985789
-2.1542609935
-2.0860230012
-2.0680530551
-2.0257716472
-2.0177001209
-1.9986250493
-1.9876492235
-1.9823110100
-1.9615079655
-1.9575538181
-1.9471173438
-1.9441847715
-1.9392366795
-1.9307252956
-1.9269706965
-1.9182990261
-1.9112381192
-1.9040439240
-1.8983621370
-1.8948611306
-1.8906883198
-1.8897362196
-1.8840637085
-1.8795566525
-1.8748782770
-1.8731731613
-1.8709398119
-1.8686049825
-1.8631035891
-1.8612796465
-1.8587102581
-1.8533467758
-1.8511834570
-1.8499257312
-1.8439258917
-1.8426451593
-1.8375679247
-1.8351478741
-1.8313671712
-1.8277917352
-1.8270863267
-1.8241876348
-1.8215458207
-1.8188745160
-1.8175636312
-1.8152536935
-1.8128649214
-1.8109921315
-1.8081297817
-1.8064675191
-1.8050668402
-1.8018419605
-1.8000522796
-1.7987778999
-1.7980301042
-1.7969062056
-1.7940481573
-1.7932868594
-1.7912645256
-1.7895287831
-1.7859482485
-1.7842765549
-1.7827868962
-1.7808455154
-1.7795489074
-1.7780003614
-1.7762133895
-1.7743021117
-1.7733729463
-1.7716239473
1.7714093426
1.7716686473
1.7723340471
1.7726718553
1.7734209156
1.7737602607
1.7742820578
1.7754351214
1.7759841023
1.7767466235
1.7772545652
1.7782502641
1.7787755171
1.7795013802
1.7798191750
1.7806232575
1.7810260344
1.7819199396
1.7826119596
1.7828046852
1.7836112713
1.7838479071
1.7849259646
1.7854817854
1.7859688662
1.7865815299
1.7876285793
1.7884587424
1.7892797206
1.7897413858
-1.9801037683
-1.8994022500
-1.8845837262
-1.8602206732
-1.8193036903
-1.8111817602
-1.8064456288
-1.7961206546
-1.7887967825
-1.7767281741
-1.7726853192
-1.7614148217
-1.7509859333
-1.7447969828
-1.7408799834
-1.7376303898
-1.7297518078
-1.7221284722
-1.7214744401
-1.7180669049
-1.7120426162
-1.7098922963
-1.7056087703
-1.7019860449
-1.6973322566
-1.6950677857
-1.6903984476
-1.6884127808
-1.6828489632
-1.6776942409
-1.6730250238
-1.6702758123
-1.6678061943
-1.6652154157
-1.6638585114
-1.6628318064
-1.6568221954
-1.6560791418
-1.6543515791
-1.6520564149
-1.6489914344
-1.6476894627
-1.6449952920
-1.6441173456
-1.6417370173
-1.6394045694
-1.6375612111
-1.6362369571
-1.6351663516
-1.6326630686
-1.6321185800
-1.6293295981
-1.6276498492
-1.6253341439
-1.6240766516
-1.6223597740
-1.6189383545
-1.6185006811
-1.6162394423
-1.6147428415
-1.6124296011
-1.6106973321
-1.6093234385
-1.6056832810
-1.6042919485
-1.6026980362
-1.5999982149
-1.5986335787
-1.5975873788
-1.5965557423
-1.5944026251
-1.5935600485
-1.5923138005
-1.5907239926
-1.5896910334
-1.5876685357
-1.5863037896
-1.5855540556
-1.5846178074
-1.5833021324
-1.5818695943
-1.5812545126
-1.5794563289
-1.5780292730
-1.5770705319
-1.5764986110
-1.5760783294
-1.5740078257
-1.5719192500
-1.5714361476
-1.5703021241
-1.5692133288
-1.5685138810
-1.5674135506
-1.5665030855
-1.5652908905
-1.5635836267
-1.5624350802
-1.5615465369
-1.5613796124
-1.8674444395
-1.8435098125
-1.8169479244
-1.7921621816
-1.7882603938
-1.7725297583
-1.7677470884
-1.7592264556
-1.7533123853
-1.7504131014
-1.7437356551
-1.7315643138
-1.7303895243
-1.7265874563
-1.7184911499
-1.7169696014
-1.7076481775
-1.7052996888
-1.7049260933
-1.7015011295
-1.6986544666
-1.6966484506
-1.6920463221
-1.6899669893
-1.6856184807
-1.6827951784
-1.6804863608
-1.6792936070
-1.6761538585
-1.6734142611
-1.6706868106
-1.6702402580
-1.6681953398
-1.6667444531
-1.6629325572
-1.6598671665
-1.6582944088
-1.6566707406
-1.6545487680
-1.6522342145
-1.6509265426
-1.6495824514
-1.6468336623
-1.6451350560
-1.6428173244
-1.6412615161
-1.6382631218
-1.6370881934
-1.6351660917
-1.6343682207
-1.6334153336
-1.6320761211
-1.6306905230
-1.6303819881
-1.6282132140
-1.6275041724
-1.6265573431
-1.6256371022
-1.6229274255
-1.6212437442
-1.6188400096
-1.6177700375
-1.6153867340
-1.6148650165
-1.6137617697
-1.6128093873
-1.6113983686
-1.6106029300
-1.6090518592
-1.6079167406
-1.6067130559
-1.6056079137
-1.6050923935
-1.6036117110
-1.6030306819
-1.6011567314
-1.6006891360
-1.5996030256
-1.5977229430
-1.5969623254
-1.5956341258
-1.5943118753
-1.5936272501
-1.5927704609
-1.5914165689
-1.5904165215
-1.5892866715
-1.5880151463
-1.5867589989
-1.5862574238
-1.5856220687
-1.5850648043
-1.5840243937
-1.5838069645
-1.5823025906
-1.5815815234
-1.5804178326
-1.5793202445
-1.5781983458
-1.5773861519
-2.0278964586
-1.9780088668
-1.9404725713
-1.9304871742
-1.9125112663
-1.9053579109
-1.8899553182
-1.8833007458
-1.8690156136
-1.8621572291
-1.8562415971
-1.8517120655
-1.8452911589
-1.8422277979
-1.8338499337
-1.8274190780
-1.8210968346
-1.8196146031
-1.8156208984
-1.8105560196
-1.8038505223
-1.8001344103
-1.7975405951
-1.7942943181
-1.7918643883
-1.7891454005
-1.7859055538
-1.7842691963
-1.7822776349
-1.7786522406
-1.7754457937
-1.7720700431
-1.7683938706
-1.7659299876
-1.7645194368
-1.7616737787
-1.7593702841
-1.7553895532
-1.7534447602
-1.7517575640
-1.7501806705
-1.7491255123
-1.7465964875
-1.7420121430
-1.7415541489
-1.7395735797
-1.7367683973
-1.7349523751
-1.7341901812
-1.7337107018
-1.7303787200
-1.7295723058
-1.7270276987
-1.7262206298
-1.7235865001
-1.7216448214
-1.7193207992
-1.7175455391
-1.7168911782
-1.7152071485
-1.7135610570
-1.7103841736
-1.7090359356
-1.7079565272
-1.7056965434
-1.7048136826
-1.7040244793
-1.7021348802
-1.6999923279
-1.6985519171
-1.6974971730
-1.6964242654
-1.6959065571
-1.6942389203
-1.6932792228
-1.6911230152
-1.6908372923
-1.6897952230
-1.6875054244
-1.6865692360
-1.6851912315
-1.6838853893
-1.6820449019
-1.6814738675
-1.6797404747
-1.6789188513
-1.6780094937
-1.6768445166
-1.6756664742
-1.6741238052
-1.6732185634
-1.6726040261
-1.6720966074
-1.6707122234
-1.6700679120
-1.6696054633
-1.6685144332
-1.6673695975
-1.6653674916
-1.6643493656
-2.0929050975
-2.0324416662
-2.0040408919
-1.9794306569
-1.9707404022
-1.9426881082
-1.9331384374
-1.9222049766
-1.9188888337
-1.9115379661
-1.9072777164
-1.8912932931
-1.8851206826
-1.8784141815
-1.8734817471
-1.8681605142
-1.8607229492
-1.8581071497
-1.8540452683
-1.8491762634
-1.8453556740
-1.8369752371
-1.8342198998
-1.8300140781
-1.8262550226
-1.8231942347
-1.8201999192
-1.8187438969
-1.8149098684
-1.8138684889
-1.8114002717
-1.8055027940
-1.8046457902
-1.8001742474
-1.7995562770
-1.7946455736
-1.7900854840
-1.7892084012
-1.7881687719
-1.7862359787
-1.7802013544
-1.7788109395
-1.7773644170
-1.7754662153
-1.7725371984
-1.7716498363
-1.7697666604
-1.7686005021
-1.7645784997
-1.7623737093
-1.7616464665
-1.7605169524
-1.7596292597
-1.7580904609
-1.7545457099
-1.7532330145
-1.7520282310
-1.7509581246
-1.7495461894
-1.7469989350
-1.7444197397
-1.7431671133
-1.7414990122
-1.7401342271
-1.7385933353
-1.7368690379
-1.7354736769
-1.7327349534
-1.7308963155
-1.7293776129
-1.7281605342
-1.7270771370
-1.7256571189
-1.7241378106
-1.7227629685
-1.7219882270
-1.7197619664
-1.7187221415
-1.7171529853
-1.7162715878
-1.7147014385
-1.7134061706
-1.7128147794
-1.7103778271
-1.7092722963
-1.7085141287
-1.7071230942
-1.7059820887
-1.7043471144
-1.7029791433
-1.7026387943
-1.7009638326
-1.6997802015
-1.6990880857
-1.6984054574
-1.6965140795
-1.6955996775
-1.6950731319
-1.6931130905
-1.6919680225
-2.4521749606
-2.3882194652
-2.3401179349
-2.3217541241
-2.3106444692
-2.2753515896
-2.2572082873
-2.2493868395
-2.2457182834
-2.2314736480
-2.2256164270
-2.2203195400
-2.2079399080
-2.1991334385
-2.1875737124
-2.1834596262
-2.1772288596
-2.1714284071
-2.1641491535
-2.1601467355
-2.1547359431
-2.1481161824
-2.1444494080
-2.1426803073
-2.1374655163
-2.1351011372
-2.1260490846
-2.1224057917
-2.1202776026
-2.1157753532
-2.1136882226
-2.1104423571
-2.1066695239
-2.1044138324
-2.1009367044
-2.0972685964
-2.0926041248
-2.0899052205
-2.0866843431
-2.0858866127
-2.0826940969
-2.0802984708
-2.0759874034
-2.0738450393
-2.0710083258
-2.0697692393
-2.0641195149
-2.0612007134
-2.0589125993
-2.0564082329
-2.0551387483
-2.0537057406
-2.0506818452
-2.0493833480
-2.0465178732
-2.0454418542
-2.0429111369
-2.0410563934
-2.0394924947
-2.0361021040
-2.0354035692
-2.0329570413
-2.0315304101
-2.0297624043
-2.0286573720
-2.0278669289
-2.0240919292
-2.0213900895
-2.0197870206
-2.0188113257
-2.0170521296
-2.0142715823
-2.0120635023
-2.0114484552
-2.0104930781
-2.0091312616
-2.0060675174
-2.0052543212
-2.0034770908
-2.0026015582
-2.0011092583
-1.9994088871
-1.9970359648
-1.9967470307
-1.9943635226
-1.9930009045
-1.9927182585
-1.9903148207
-1.9889638518
-1.9877067623
-1.9854015211
-1.9842171296
-1.9830177589
-1.9821261273
-1.9806260900
-1.9792577534
-1.9780504089
-1.9755717242
-1.9746234938
-1.9736125703
-2.3833866959
-2.2993535442
-2.2733498392
-2.2429876116
-2.2125087560
-2.1989500358
-2.1891251119
-2.1641911107
-2.1597737113
-2.1503372279
-2.1453051061
-2.1360080866
-2.1320248670
-2.1212325520
-2.1145132414
-2.1112500000
-2.1026661202
-2.0875139398
-2.0858829046
-2.0812414994
-2.0742953581
-2.0649898518
-2.0588740421
-2.0536867032
-2.0519253808
-2.0485304724
-2.0441125310
-2.0417162886
-2.0354800511
-2.0303204001
-2.0284087521
-2.0264538898
-2.0211021700
-2.0187841782
-2.0157263581
-2.0141367996
-2.0112396390
-2.0088456593
-2.0019682837
-1.9992512732
-1.9969068533
-1.9954080877
-1.9916682740
-1.9893055682
-1.9865301535
-1.9855345113
-1.9803539147
-1.9777717291
-1.9759818480
-1.9736097039
-1.9691159950
-1.9660323547
-1.9652003843
-1.9605337524
-1.9593578682
-1.9560274593
-1.9535946274
-1.9519505952
-1.9509897411
-1.9492300967
-1.9456706733
-1.9436226185
-1.9418037823
-1.9390064959
-1.9377265409
-1.9362342936
-1.9341812985
-1.9327610251
-1.9305148069
-1.9294353534
-1.9258151312
-1.9243992438
-1.9240495243
-1.9222357843
-1.9206108098
-1.9176843201
-1.9159820043
-1.9148171162
-1.9134516445
-1.9125968275
-1.9110568343
-1.9079731697
-1.9070455278
-1.9063652073
-1.9040036434
-1.9019449585
-1.8999977919
-1.8995314482
-1.8986003049
-1.8956823020
-1.8940274224
-1.8927728031
-1.8913922950
-1.8898720801
-1.8883028885
-1.8874453627
-1.8865614735
-1.8855020864
-1.8835316095
-1.8814251688
-2.2026212508
-2.1682011206
-2.1380730141
-2.1106627649
-2.0877878059
-2.0850081125
-2.0650287157
-2.0612857370
-2.0493294152
-2.0438914271
-2.0398729505
-2.0334151946
-2.0230247252
-2.0132287635
-2.0073052644
-1.9996340187
-1.9972003833
-1.9894191417
-1.9817513686
-1.9770716112
-1.9751558250
-1.9700363185
-1.9665077995
-1.9596063611
-1.9558157416
-1.9544639671
-1.9500947659
-1.9468848227
-1.9430839202
-1.9393294813
-1.9349893614
-1.9323221137
-1.9306979488
-1.9266385884
-1.9229091782
-1.9202927737
-1.9169663925
-1.9138209976
-1.9116699452
-1.9073534863
-1.9068652134
-1.9059460716
-1.9027670828
-1.9010959174
-1.8969302407
-1.8949151155
-1.8934043534
-1.8909604810
-1.8891418877
-1.8871585630
-1.8854766178
-1.8816464593
-1.8801772482
-1.8792854068
-1.8765488038
-1.8748812188
-1.8727785798
-1.8700711494
-1.8683148835
-1.8671326185
-1.8656856168
-1.8625966477
-1.8600398220
-1.8589394414
-1.8583309757
-1.8567097574
-1.8558656400
-1.8539022823
-1.8521329330
-1.8512363815
-1.8488623689
-1.8473574911
-1.8455289403
-1.8436917226
-1.8406619562
-1.8388733454
-1.8379749792
-1.8357889198
-1.8353050361
-1.8340250645
-1.8327016365
-1.8312794567
-1.8292171635
-1.8285123968
-1.8277596735
-1.8253741751
-1.8246307028
-1.8216291896
-1.8201469751
-1.8193111582
-1.8170968074
-1.8166938763
-1.8157209228
-1.8151151292
-1.8133589078
-1.8119903435
-1.8112233427
-1.8098303226
-1.8094202687
-1.8069800787
-1.8878794670
-1.8276501515
-1.8042929430
-1.7687496470
-1.7639378299
-1.7463549830
-1.7378335366
-1.7216685169
-1.7157108791
-1.7111085084
-1.7066714106
-1.6922635030
-1.6861170855
-1.6837603964
-1.6811389787
-1.6703031775
-1.6668926240
-1.6625518041
-1.6578963209
-1.6552728855
-1.6516388317
-1.6478905015
-1.6422601218
-1.6401626361
-1.6368871648
-1.6333725621
-1.6309377157
-1.6287730576
-1.6267876892
-1.6246358039
-1.6202731130
-1.6162908742
-1.6132662943
-1.6104587826
-1.6055661803
-1.6053710729
-1.6030002690
-1.6014653627
-1.6003138441
-1.5974413979
-1.5954868593
-1.5928226815
-1.5913600389
-1.5900921753
-1.5867339806
-1.5840185245
-1.5837708681
-1.5810763574
-1.5795701712
-1.5769530033
-1.5753501480
-1.5733659729
-1.5726799457
-1.5716537699
-1.5698880550
-1.5681036252
-1.5662177204
-1.5643860917
-1.5626972416
-1.5620163904
-1.5602725642
-1.5593909442
-1.5570750554
-1.5560088658
-1.5544936791
-1.5531189429
-1.5516790854
-1.5508008964
-1.5503736653
-1.5489362410
-1.5480840483
-1.5473418822
-1.5449952434
-1.5443218728
-1.5423370915
-1.5413281204
-1.5401328719
-1.5382580036
-1.5367910853
-1.5360996051
-1.5342219685
-1.5329443337
-1.5312198476
-1.5303520734
-1.5292816472
-1.5283037816
-1.5273000037
-1.5258709173
-1.5252287568
-1.5240068543
-1.5228917017
-1.5220885406
-1.5213207588
-1.5202165217
-1.5195001518
-1.5188611141
-1.5173937497
-1.5160025954
-1.5156724174
-1.5140966608
-2.1551448603
-2.1063359763
-2.0638211416
-2.0553552189
-2.0394454663
-2.0151029879
-2.0034339715
-1.9976900655
-1.9885333564
-1.9718727468
-1.9622528017
-1.9590600304
-1.9504173223
-1.9467973225
-1.9429517257
-1.9397123959
-1.9322927799
-1.9256942913
-1.9194847418
-1.9151933541
-1.9074035413
-1.9043309073
-1.9028479433
-1.8963969148
-1.8947835396
-1.8902799931
-1.8879860444
-1.8847502106
-1.8826172669
-1.8779386507
-1.8761027718
-1.8728479388
-1.8699686555
-1.8651580665
-1.8631627292
-1.8602103768
-1.8565986967
-1.8536206922
-1.8519817241
-1.8481918200
-1.8455388746
-1.8433999859
-1.8412233616
-1.8390755075
-1.8373665071
-1.8350570009
-1.8329848804
-1.8313804406
-1.8280434601
-1.8271574192
-1.8258892417
-1.8246762651
-1.8222942760
-1.8213318007
-1.8195466027
-1.8179217234
-1.8155941148
-1.8130890394
-1.8108379104
-1.8093812511
-1.8074156840
-1.8052410629
-1.8035608873
-1.8019384553
-1.8005136961
-1.7972515432
-1.7961155245
-1.7946447164
-1.7938492327
-1.7919108693
-1.7907246381
-1.7883506857
-1.7861609893
-1.7843243704
-1.7832052597
-1.7825225950
-1.7813319717
-1.7809099553
-1.7783355105
-1.7775221164
-1.7763173639
-1.7745241533
-1.7740393406
-1.7713370230
-1.7704366809
-1.7703228864
-1.7678328900
-1.7669524665
-1.7659458662
-1.7650633729
-1.7634903292
-1.7621047544
-1.7605675263
-1.7595998108
-1.7592167179
-1.7572238493
-1.7559523700
-1.7546216345
-1.7539501183
-1.7526017343
-2.2049428196
-2.1564903139
-2.1138783150
-2.0793613772
-2.0715685933
-2.0540685753
-2.0468060626
-2.0375675764
-2.0310881877
-2.0253624206
-2.0165038065
-2.0032811455
-1.9966418853
-1.9928786933
-1.9765607390
-1.9728010901
-1.9689375371
-1.9656265762
-1.9609414048
-1.9511940185
-1.9482609626
-1.9444592468
-1.9416927681
-1.9365715166
-1.9347128990
-1.9335509743
-1.9286057298
-1.9257240336
-1.9220915182
-1.9151192096
-1.9129708854
-1.9106022131
-1.9060140633
-1.9021747457
-1.9010558964
-1.8979080415
-1.8963829897
-1.8931133834
-1.8904597894
-1.8878361530
-1.8873376251
-1.8844872605
-1.8836365260
-1.8808953486
-1.8765296087
-1.8739342986
-1.8700598358
-1.8673094824
-1.8649237448
-1.8630610624
-1.8608612429
-1.8588445650
-1.8577033783
-1.8550695799
-1.8536843714
-1.8522039592
-1.8497658453
-1.8483784702
-1.8467109104
-1.8434906928
-1.8420847016
-1.8389629851
-1.8383682845
-1.8374701950
-1.8349936025
-1.8332311800
-1.8309514729
-1.8294685459
-1.8287381702
-1.8263773469
-1.8246022957
-1.8240715056
-1.8225835751
-1.8207409836
-1.8189706822
-1.8159877979
-1.8155485258
-1.8133529983
-1.8127078913
-1.8110506157
-1.8102083079
-1.8085264616
-1.8071723049
-1.8042700648
-1.8035909941
-1.8029930063
-1.8010554842
-1.7999699188
-1.7990518228
-1.7973557577
-1.7963632995
-1.7943945255
-1.7937327228
-1.7923173738
-1.7906325748
-1.7892226735
-1.7877257143
-1.7872400479
-1.7863985031
-1.7843752705
-1.9967465235
-1.9210932578
-1.8867863103
-1.8795538125
-1.8608923472
-1.8408742487
-1.8268028940
-1.8157379752
-1.8084464199
-1.8051108592
-1.7983454493
-1.7802899958
-1.7767536002
-1.7688290319
-1.7650504842
-1.7636885725
-1.7565094581
-1.7529565043
-1.7481288256
-1.7468683364
-1.7382669330
-1.7353021955
-1.7315182807
-1.7298688710
-1.7260371983
-1.7217622343
-1.7171141063
-1.7097805814
-1.7076127655
-1.7040754313
-1.7026157695
-1.7005122729
-1.6979618119
-1.6966981100
-1.6910700799
-1.6903117483
-1.6890260942
-1.6858425068
-1.6827626789
-1.6813368582
-1.6768669241
-1.6748318367
-1.6720244802
-1.6692514693
-1.6673469307
-1.6658789676
-1.6645520153
-1.6615929973
-1.6591036601
-1.6580827306
-1.6562396615
-1.6542248364
-1.6528731170
-1.6514625609
-1.6496954079
-1.6486269667
-1.6464918156
-1.6452216430
-1.6415844782
-1.6399584384
-1.6388551619
-1.6381806985
-1.6372314579
-1.6352586613
-1.6340731574
-1.6330402022
-1.6319119254
-1.6298293732
-1.6284476032
-1.6268351007
-1.6248645513
-1.6238087519
-1.6225351868
-1.6210907064
-1.6203495048
-1.6169331122
-1.6161135066
-1.6156638761
-1.6139954575
-1.6133303159
-1.6123551622
-1.6100807000
-1.6078179448
-1.6065080389
-1.6061281934
-1.6045585796
-1.6038657052
-1.6024067984
-1.6019281446
-1.6005230925
-1.5998443190
-1.5978870164
-1.5958355382
-1.5947281468
-1.5936404333
-1.5929333426
-1.5923810482
-1.5907359240
-1.5902631545
-1.5897399074
-2.2151235912
-2.1378825070
-2.1300175151
-2.1059582270
-2.0717519469
-2.0669900460
-2.0541268201
-2.0484132176
-2.0366148538
-2.0251475925
-2.0165847208
-2.0065427842
-1.9974150238
-1.9935366330
-1.9888933258
-1.9853927836
-1.9797659597
-1.9754016131
-1.9723967151
-1.9667874965
-1.9653736091
-1.9584854043
-1.9528294105
-1.9490877431
-1.9464252142
-1.9416694574
-1.9376418072
-1.9335833860
-1.9302761174
-1.9280748738
-1.9240854933
-1.9187257166
-1.9175317188
-1.9160872420
-1.9148447107
-1.9100994490
-1.9078133640
-1.9048596267
-1.9026689725
-1.8996351800
-1.8961898686
-1.8950755688
-1.8927435944
-1.8899840646
-1.8876180077
-1.8869744050
-1.8846318631
-1.8823091594
-1.8801247124
-1.8786011868
-1.8757823090
-1.8737861248
-1.8728020781
-1.8712347182
-1.8676888159
-1.8662413728
-1.8641031780
-1.8631722717
-1.8608248389
-1.8592878671
-1.8580448578
-1.8550293233
-1.8531541638
-1.8515610368
-1.8510312574
-1.8488563148
-1.8467257890
-1.8459467512
-1.8451393538
-1.8429646394
-1.8420745048
-1.8401163862
-1.8386452934
-1.8375263233
-1.8354198142
-1.8337692887
-1.8324505052
-1.8320292641
-1.8307851884
-1.8295960207
-1.8272400206
-1.8265476092
-1.8250229022
-1.8237815784
-1.8233247551
-1.8219012872
-1.8201185518
-1.8194245479
-1.8187079041
-1.8160643092
-1.8143559897
-1.8133865188
-1.8118875033
-1.8113200029
-1.8102780858
-1.8088818620
-1.8075640247
-1.8063777587
-1.8047719900
-1.8043936317
-2.1417688534
-2.0804937135
-2.0581634387
-2.0454786166
-2.0188419489
-1.9991874676
-1.9962893859
-1.9839652251
-1.9780583029
-1.9740084441
-1.9650885869
-1.9591629366
-1.9558268254
-1.9449861139
-1.9378510090
-1.9342596045
-1.9293613086
-1.9236893888
-1.9177493171
-1.9114923755
-1.9102092689
-1.9067633131
-1.9005533993
-1.8983587968
-1.8944492663
-1.8905378433
-1.8886067781
-1.8856982485
-1.8829971200
-1.8797835148
-1.8763951631
-1.8743555135
-1.8697546630
-1.8690313800
-1.8671577088
-1.8646967510
-1.8626246262
-1.8615818634
-1.8569315148
-1.8541974203
-1.8519919532
-1.8494647357
-1.8476481350
-1.8465720948
-1.8422505947
-1.8399264163
-1.8390402420
-1.8360719896
-1.8334135833
-1.8317349011
-1.8293357293
-1.8277128492
-1.8246540869
-1.8235323112
-1.8219374098
-1.8204892435
-1.8193130578
-1.8186619632
-1.8172733344
-1.8168484860
-1.8124441789
-1.8113121511
-1.8096921987
-1.8084965211
-1.8062215696
-1.8045485891
-1.8025107250
-1.8001953511
-1.7994225925
-1.7982156109
-1.7975741485
-1.7968584875
-1.7954564900
-1.7942256595
-1.7927950736
-1.7915664836
-1.7893099613
-1.7885477220
-1.7875036097
-1.7860846561
-1.7843411008
-1.7837511114
-1.7820066017
-1.7807075114
-1.7796779325
-1.7782100744
-1.7779364631
-1.7762496786
-1.7759048836
-1.7744887211
-1.7725198117
-1.7717036673
-1.7703786863
-1.7687862314
-1.7680572601
-1.7659283976
-1.7658117416
-1.7650216656
-1.7643774873
-1.7626892644
-2.1754063556
-2.1030979131
-2.0869487472
-2.0461935946
-2.0306188685
-2.0209278805
-2.0107559466
-2.0007539092
-1.9960817189
-1.9827347233
-1.9720760070
-1.9607768775
-1.9552997612
-1.9459559146
-1.9424192899
-1.9378179594
-1.9326218480
-1.9273941979
-1.9255169424
-1.9191250386
-1.9156593052
-1.9117199907
-1.9099537497
-1.9005271214
-1.8991246112
-1.8958643947
-1.8924313995
-1.8894969841
-1.8853005210
-1.8829422469
-1.8791741630
-1.8744696842
-1.8729485105
-1.8720599275
-1.8694781572
-1.8649166260
-1.8616630483
-1.8580119250
-1.8566733652
-1.8542866796
-1.8522832938
-1.8513106079
-1.8477846213
-1.8460059373
-1.8444875165
-1.8421972965
-1.8403457201
-1.8381584998
1.8365936197
1.8373132976
1.8382687202
1.8387413288
1.8394396546
1.8400423816
1.8406667616
1.8413527743
1.8423503188
1.8426122468
1.8429314628
1.8434341013
1.8443779142
1.8449745466
1.8456949727
1.8464408341
1.8465978702
1.8479133135
1.8482593219
1.8489193359
1.8497488609
1.8499957887
1.8505272770
1.8511635514
1.8518708243
1.8525482218
1.8533979734
1.8542870100
1.8551228927
1.8555061010
1.8568137943
1.8572763283
1.8580634582
1.8585550106
1.8592343038
1.8599948979
1.8605164290
1.8612463947
1.8616603889
1.8624393033
1.8632634491
1.8638855225
1.8645467194
1.8653310547
1.8666640759
1.8668213867
1.8679839050
1.8688193964
1.8695150478
1.8701031725
1.8710141084
1.8715695789
-2.0803113676
-2.0371063475
-1.9931502011
-1.9821094997
-1.9526550701
-1.9409391577
-1.9304188158
-1.9267608194
-1.9104570937
-1.9013900455
-1.8965519525
-1.8925256329
-1.8871366636
-1.8808370340
-1.8718658477
-1.8685702637
-1.8652623481
-1.8578243498
-1.8529230898
-1.8483684387
-1.8439330939
-1.8425957112
-1.8374019070
-1.8309951186
-1.8279947139
-1.8234734473
-1.8196724419
-1.8189029147
-1.8129644491
-1.8094516411
-1.8068358434
-1.8052553402
-1.8021521212
-1.7988419124
-1.7970503849
-1.7950248633
-1.7927963911
-1.7891852433
-1.7880974132
-1.7853046028
-1.7832840232
-1.7819795933
-1.7789617522
-1.7766370059
-1.7747400084
-1.7710302244
-1.7699757120
-1.7684830256
-1.7643342795
-1.7638361885
-1.7606831066
-1.7589375079
-1.7581998263
-1.7551773300
-1.7545635349
-1.7526095147
-1.7518639739
-1.7499857764
-1.7479973081
-1.7469909665
-1.7433353106
-1.7424161300
-1.7410769776
-1.7387054920
-1.7380284362
-1.7362071165
-1.7352619517
-1.7331283727
-1.7313716953
-1.7298160739
-1.7284610702
-1.7279699781
-1.7253947342
-1.7244392669
-1.7230660321
-1.7225907340
-1.7201748959
-1.7192400480
-1.7168957921
-1.7161561034
-1.7137666084
-1.7130094660
-1.7117996616
-1.7105316486
-1.7092346291
-1.7078830796
-1.7071869582
-1.7052832206
-1.7042156868
-1.7035032555
-1.7024477712
-1.7008694798
-1.6997570312
-1.6987247414
-1.6977503442
-1.6969965176
-1.6958509407
-1.6947919554
-1.6941103047
-1.6925227747
-2.1332335557
-2.0491960111
-2.0218175385
-2.0053270246
-1.9874270419
-1.9676358590
-1.9467841545
-1.9432004249
-1.9316342662
-1.9167570745
-1.9156648746
-1.9050025944
-1.9021654611
-1.8912170340
-1.8863884303
-1.8780720915
-1.8697404616
-1.8652629178
-1.8606776058
-1.8555883407
-1.8540418235
-1.8478580637
-1.8417370072
-1.8344177711
-1.8319285833
-1.8286931417
-1.8264728256
-1.8233161720
-1.8181419922
-1.8150501801
-1.8121024104
-1.8108987353
-1.8059420223
-1.8022076466
-1.7998964042
-1.7971391922
-1.7953031292
-1.7901781752
-1.7876040438
-1.7852712718
-1.7825634413
-1.7813296537
-1.7792324643
-1.7762632584
-1.7746435387
-1.7714332406
-1.7691414546
-1.7659629103
-1.7648772774
-1.7619180738
-1.7613103657
-1.7573655731
-1.7559989083
-1.7522825618
-1.7499331573
-1.7488572291
-1.7456366779
-1.7442465753
-1.7419002269
-1.7402929990
-1.7393620590
-1.7370405893
-1.7350041540
-1.7326620293
-1.7320499726
-1.7292974819
-1.7283268029
-1.7269876786
-1.7267596751
-1.7243242430
-1.7210645381
-1.7195078800
-1.7181800860
-1.7178342324
-1.7166424073
-1.7139960678
-1.7127123343
-1.7115067738
-1.7093098933
-1.7079316785
-1.7073617467
-1.7056497660
-1.7034508776
-1.7019188648
-1.7008905409
-1.7000082976
-1.6992136730
-1.6983778637
-1.6962796213
-1.6953862186
-1.6940152533
-1.6919705985
-1.6911147662
-1.6903075331
-1.6889629086
-1.6871976599
-1.6863242552
-1.6852886555
-1.6834078893
-1.6826751310
-2.3380874420
-2.2932274249
-2.2646127417
-2.2449497591
-2.2392721666
-2.2161958271
-2.1962569830
-2.1891254014
-2.1866961488
-2.1654780181
-2.1609599984
-2.1590052553
-2.1459982400
-2.1436613547
-2.1368907606
-2.1336457780
-2.1314087908
-2.1153835996
-2.1089444867
-2.1053475889
-2.1039120714
-2.0978411264
-2.0934785290
-2.0907171380
-2.0865530582
-2.0822023875
-2.0781698753
-2.0751567460
-2.0719870310
-2.0694381992
-2.0659611433
-2.0629239132
-2.0605834153
-2.0557564840
-2.0541175099
-2.0527055682
-2.0473773164
-2.0459967190
-2.0435482446
-2.0414956438
-2.0394366647
-2.0356968850
-2.0308847808
-2.0294143388
-2.0269347424
-2.0250993838
-2.0237847935
-2.0214868883
-2.0204356892
-2.0178092224
-2.0157605957
-2.0120891718
-2.0086950071
-2.0080999445
-2.0049677514
-2.0042287077
-2.0037018706
-2.0011566048
-1.9982580061
-1.9973286995
-1.9959367212
-1.9947910023
-1.9929118807
-1.9905649229
-1.9889404389
-1.9860564515
-1.9840715462
-1.9836016250
-1.9827129780
-1.9808140679
-1.9791090097
-1.9772704921
-1.9749438869
-1.9729964506
-1.9721385422
-1.9710962315
-1.9701810990
-1.9684153304
-1.9671238870
-1.9661402332
-1.9634508182
-1.9626771534
-1.9604217356
-1.9583103007
-1.9576488153
-1.9568921089
-1.9559123795
-1.9537723991
-1.9529164029
-1.9514532623
-1.9495932280
-1.9481234169
-1.9458234665
-1.9457222796
-1.9450618466
-1.9437853458
-1.9430252929
-1.9418043524
-1.9397199961
-1.9384102509
-2.0584365360
-2.0182586880
-1.9872052231
-1.9827861935
-1.9600174719
-1.9589939611
-1.9477733260
-1.9399261066
-1.9287600425
-1.9253613618
-1.9232566089
-1.9224398618
-1.9164496689
-1.9018025146
-1.8976530524
-1.8947632175
-1.8922037918
-1.8868460180
-1.8795025635
-1.8720168839
-1.8696658342
-1.8693612123
-1.8690146266
-1.8644686291
-1.8630009077
-1.8592035753
-1.8557019651
-1.8533617838
-1.8488398434
-1.8448277334
-1.8412418470
-1.8392745851
-1.8372315013
-1.8355649035
-1.8344811344
-1.8324738557
-1.8291684882
-1.8276305780
-1.8244773441
-1.8234755064
-1.8187540975
-1.8176119072
-1.8137630690
-1.8122803919
-1.8100049284
-1.8087928623
-1.8070648964
-1.8054215222
-1.8043560237
-1.8023610673
-1.8007723374
-1.7993814615
-1.7979409734
-1.7950285202
-1.7932156461
-1.7905205472
-1.7892651086
-1.7887668493
-1.7858430587
-1.7852584246
-1.7849095342
-1.7842172388
-1.7822624796
-1.7810855501
-1.7796455736
-1.7788944918
-1.7768913284
-1.7756450869
-1.7741925667
-1.7725280155
-1.7717279486
-1.7705703000
-1.7697715382
-1.7673738223
-1.7663398493
-1.7650506548
-1.7640501992
-1.7628205970
-1.7620370869
-1.7601594458
-1.7591138270
-1.7578549767
-1.7569572642
-1.7558520692
-1.7539604398
-1.7536881060
-1.7526865395
-1.7516141663
-1.7500956072
-1.7481926053
-1.7473110257
-1.7459229332
-1.7451066229
-1.7442745878
-1.7430884725
-1.7420702025
-1.7409676370
-1.7395083117
-1.7384086276
-1.7375740000
-2.1818120311
-2.1091586175
-2.0976501113
-2.0582168610
-2.0384938137
-2.0247241071
-2.0230089867
-2.0118792822
-2.0005053084
-1.9860191412
-1.9762331774
-1.9713420902
-1.9692190595
-1.9548793813
-1.9526740016
-1.9480484780
-1.9401892429
-1.9362720590
-1.9329553695
-1.9283280878
-1.9222059278
-1.9202547176
-1.9160164459
-1.9125090507
-1.9100432549
-1.9080701537
-1.9013027230
-1.8979479210
-1.8950089426
-1.8914714416
-1.8887873606
-1.8852444971
-1.8818774143
-1.8795916168
-1.8751238050
-1.8718956598
-1.8690963498
-1.8675885909
-1.8645638833
-1.8639933031
-1.8616261547
-1.8590739894
-1.8583805196
-1.8555655593
-1.8522043207
-1.8507452832
-1.8471898396
-1.8459107310
-1.8449499931
-1.8432802973
-1.8406786986
-1.8389044613
-1.8367917261
-1.8349889183
-1.8335774846
-1.8318261687
-1.8291831373
-1.8278701290
-1.8268364915
-1.8246964652
-1.8231122506
-1.8213086719
-1.8206420413
-1.8167751513
-1.8161494806
-1.8141790087
-1.8132601905
-1.8116198753
-1.8095049232
-1.8092140068
-1.8076776418
-1.8060860210
-1.8046031416
-1.8036618998
-1.8028195037
-1.8019969612
-1.8001247615
-1.7993362977
-1.7978443320
-1.7961348249
1.7968694961
1.7976625952
1.7978697062
1.7986057274
1.7995379846
1.8003080702
1.8009171784
1.8020718295
1.8027719316
1.8030259373
1.8038406825
1.8049363355
1.8053330026
1.8064841857
1.8068604359
1.8071495147
1.8081625500
1.8086931420
1.8092766827
1.8100222654
-2.3757040363
-2.2960308836
-2.2606361325
-2.2433608849
-2.2195034394
-2.2106289670
-2.1824483063
-2.1706117222
-2.1623506059
-2.1495925135
-2.1442890404
-2.1371201862
-2.1326782913
-2.1286776716
-2.1115316969
-2.1056594336
-2.1018874772
-2.0979474725
-2.0932034885
-2.0885019690
-2.0790348159
-2.0765059731
-2.0713537070
-2.0694380789
-2.0638933631
-2.0629559820
-2.0545579305
-2.0516644639
-2.0482936246
-2.0444271436
-2.0414957247
-2.0350930164
-2.0339898095
-2.0284486093
-2.0268394185
-2.0236806017
-2.0221613005
-2.0183943871
-2.0160004140
-2.0142496930
-2.0110638832
-2.0067628553
-2.0051854135
-2.0016658071
-1.9992313635
-1.9970267706
-1.9939895566
-1.9923876839
-1.9893519579
-1.9887997974
-1.9851877176
-1.9822985319
-1.9793526517
-1.9759317275
-1.9743677616
-1.9727805789
-1.9707383791
-1.9693869737
-1.9680922697
-1.9657078531
-1.9627989489
-1.9611575596
-1.9590211440
-1.9579377395
-1.9567313000
-1.9538027970
-1.9516020910
-1.9509670142
-1.9504033961
-1.9486099619
-1.9460582947
-1.9450057779
-1.9432984237
-1.9408023424
-1.9398576084
-1.9367374750
-1.9359991441
-1.9340287315
-1.9331179907
-1.9314692415
-1.9306945934
-1.9296605988
-1.9284538715
-1.9270343396
-1.9235627122
-1.9223513500
-1.9212519370
-1.9194831165
-1.9183508117
-1.9171286356
-1.9153614005
-1.9128054024
-1.9123835580
-1.9110173392
-1.9101857503
-1.9086920148
-1.9082515405
-1.9056501675
-1.9039692633
-1.9025401211
-1.9943203961
-1.9727618215
-1.9642759580
-1.9519163296
-1.9445337085
-1.9372082048
-1.9313337179
-1.9237801523
-1.9167155074
-1.9146740997
-1.9079821936
-1.9047928499
-1.9033284529
-1.9009870757
-1.8937400135
-1.8930715777
-1.8870130794
-1.8840923208
-1.8831953095
-1.8767666301
-1.8733966473
-1.8727863708
-1.8691077624
-1.8681957802
-1.8654322390
-1.8597960962
-1.8580072417
-1.8544468762
-1.8526690595
-1.8517114332
-1.8498583114
-1.8466474532
-1.8439494853
-1.8418988761
-1.8406267795
-1.8387799460
-1.8372787005
-1.8350312502
-1.8332451798
-1.8316436648
-1.8300654204
-1.8282599519
-1.8258579838
-1.8246923278
-1.8234032638
-1.8227540360
-1.8218127759
-1.8204298942
-1.8186574067
-1.8154853244
-1.8143121115
-1.8134084694
-1.8129542235
-1.8113756197
-1.8096183255
-1.8085873835
-1.8061800878
-1.8049426259
-1.8038303602
-1.8032036080
-1.8010859080
-1.7997381206
-1.7993092718
-1.7987278876
-1.7974337826
-1.7956055268
-1.7948232636
-1.7939249991
-1.7920478384
-1.7906494913
-1.7897462028
-1.7885778178
-1.7881546004
-1.7865801583
-1.7857185754
-1.7847859113
-1.7838317120
-1.7824756279
-1.7820881370
-1.7810743427
-1.7790600769
-1.7782270112
-1.7772555463
-1.7757528895
-1.7748727680
-1.7737320899
-1.7726677169
-1.7714880413
-1.7708731388
-1.7704456302
-1.7691306713
-1.7677751365
-1.7671872630
-1.7663148330
-1.7652444254
-1.7641756605
-1.7633006315
-1.7628111304
-1.7621420270
-1.7615486940
-2.0649530924
-1.9835148499
-1.9689277749
-1.9551251430
-1.9381643627
-1.9076316309
-1.8944734086
-1.8870174356
-1.8786488074
-1.8726190203
-1.8633912347
-1.8570360807
-1.8501748100
-1.8468663249
-1.8394201612
-1.8314543635
-1.8273452927
-1.8210282551
-1.8174397553
-1.8111234871
-1.8097148848
-1.8045724243
-1.7991059290
-1.7930223508
-1.7917378284
-1.7884908142
-1.7816709421
-1.7795810949
-1.7757775424
-1.7730907568
-1.7715530626
-1.7684033112
-1.7646363206
-1.7624505736
-1.7584843616
-1.7558329140
-1.7524636989
-1.7504519216
-1.7488246941
-1.7472651464
-1.7432958111
-1.7406429817
-1.7385158945
-1.7365280274
-1.7326792110
-1.7303324319
-1.7279816033
-1.7267453658
-1.7240037002
-1.7219636320
-1.7205219140
-1.7179619660
-1.7153664595
-1.7141882969
-1.7134738706
-1.7119494390
-1.7098184486
-1.7079110130
-1.7061687945
-1.7037368552
-1.7015370877
-1.6995205424
-1.6981726068
-1.6968563630
-1.6957087992
-1.6948842200
-1.6928305847
-1.6922833847
-1.6898860606
-1.6882682007
-1.6871274144
-1.6849280743
-1.6827729514
-1.6809738537
-1.6803482379
-1.6790229274
-1.6777917137
-1.6766831330
-1.6752641542
-1.6733302054
-1.6713559004
-1.6707300843
-1.6698217862
-1.6684657762
-1.6671035986
-1.6661581013
-1.6641559594
-1.6619869661
-1.6615078557
-1.6608536179
-1.6590773371
-1.6580815135
-1.6563757004
-1.6557336427
-1.6551981659
-1.6545968155
-1.6526846167
-1.6512043200
-1.6497481325
-1.6491484768
