0.5177926549
0.1462617590
0.3003173877
0.8093730136
0.5206050260
0.4458047938
0.6186496334
0.2445704173
0.2630215244
0.3320920804
0.4410831878
0.7827313811
0.9422712500
0.8902598116
0.8261095093
0.4392568562
0.7449452918
0.2644214166
0.2841324938
0.3669623229
0.4972735802
0.8300144810
0.8044700150
0.4164453273
0.7206790283
0.8670379593
0.6937226339
0.6166828743
0.8581603370
0.9328542709
0.7083436335
0.5421791339
0.4756262099
0.9039609348
0.6924196019
0.6077886908
0.6934063639
0.2229519875
0.1699232496
0.1635183018
0.2125511387
0.3534301371
0.5471219312
0.7926244388
0.5461840296
0.5663922195
0.8666768014
0.6971809745
0.8852950217
0.9667881556
0.5695517893
0.7040654244
0.8317305128
0.7709842392
0.4508112898
0.2297865658
0.7430871635
0.2079372175
0.2594536339
0.9948265280
0.8381044419
0.8104894949
0.5693195762
0.6070964586
0.9900450312
0.6690720353
0.7027519558
0.6043975558
0.4616738898
0.7817910717
0.5038286201
0.7080406133
0.4368226993
0.8542984451
0.0965659752
0.0747197724
0.4175081750
0.8746349594
0.8223204214
0.6299537651
0.8779792705
0.9111701483
0.9486884119
0.4678207093
0.5721001932
0.8818658310
0.9270532249
0.8431392547
0.9137654816
0.7183407798
0.6933967508
0.6790775955
0.8007257224
0.1780576739
0.1456975493
0.0622405517
0.0794109153
0.7757421840
0.8086434732
0.2733179629
0.4875357313
0.2779594759
0.6972851425
0.8799787880
0.3142874846
0.6508900863
0.2210057936
0.8419044197
0.9798507851
0.7336960945
0.4032662414
0.3713628203
0.2568366738
0.4904936425
0.5778816816
0.2052996106
0.7543844479
0.5619477697
0.3216757582
0.1031558123
0.2912073212
0.9697964920
0.8998656914
0.9390025699
0.7109700760
0.6638568528
0.8368930434
0.6611503717
0.6795703563
0.6198166198
0.7211965737
0.5712425568
0.3913170477
0.5299786109
0.5354349643
0.4626770840
0.6221506782
0.6767563510
0.9466477070
0.6693899135
0.8043167943
0.7991640446
0.8764792725
0.8642649949
0.6721018770
0.9784199502
0.8769460795
0.5508237400
0.4810361082
0.7181848505
0.5830991710
0.4656299224
0.5687266263
0.8997390512
0.9120345806
0.8105597301
0.9209327557
0.3209169001
0.4892834685
0.4900471260
0.8578437859
0.1251152196
0.1298804406
0.5588056930
0.6983267775
0.8273398597
0.4412597652
0.8438058939
0.9635189926
0.8432603720
0.8669380104
0.7426615150
0.5376228213
0.7562292224
0.8349439036
0.9311199295
0.9498887455
0.9901444924
0.8500400270
0.8404415977
0.5848292360
0.6370396644
0.7629019768
0.6243186788
0.7026468498
0.8980357027
0.9457927906
0.6303934501
0.4721276226
0.5160021728
0.7700104719
0.2507036704
0.3042465190
0.3939789469
0.3621394982
0.1028247572
0.5001628196
0.9995180116
0.5617756151
0.5747739732
0.9242174012
0.6092956962
0.2701303104
0.7292964319
0.2290843398
0.6120584754
0.7019744226
0.8285951688
0.9699449514
0.6097748419
0.9009431740
0.9338120738
0.5988821468
0.6230376676
0.7460993319
0.8412586894
0.7108284289
0.6943229702
0.6764901147
0.4061043794
0.9621617199
0.5295825375
0.5253148566
0.2765179089
0.8169526634
0.5230168019
0.8120912682
0.5775872558
0.6481806315
0.6212858890
0.0960984646
0.1918721966
0.8240178260
0.8936556520
0.9401814646
0.8484949030
0.5386673304
0.5609853177
0.2974747554
0.1907420229
0.4928200077
0.6438579862
0.5407160195
0.7911914447
0.6412309244
0.8569811371
0.8119094838
0.9774349882
0.5826284932
0.7221010176
0.5698897862
0.9704018191
0.6716245495
0.7688355725
0.5286753663
0.3847715028
0.4926234753
0.9206626958
0.7551658631
0.9612161570
0.3599495960
0.2581562111
0.7222264681
0.5450268939
0.3583767228
0.4336534706
0.5671840730
0.7723320526
0.4892828619
0.4755048198
0.6787114462
0.6848052269
0.8283103081
0.6265553506
0.4679207903
0.9655289030
0.5373617010
0.3348738947
0.4725707461
0.1860258990
0.7922490435
0.4911394602
0.9109913598
0.7414377401
0.1851800926
0.4528481051
0.3832224197
0.5800824057
0.8794513146
0.7431725545
0.5803110956
0.2934688158
0.5307913133
0.7739374483
0.0673738037
0.3753577521
0.6431971164
0.9017187196
0.4532148791
0.5757633442
0.5888818649
0.7009836061
0.5402653884
0.3973351775
0.5933578130
0.2432728629
0.7011954380
0.3106827264
0.9053932044
0.6012338942
0.7164435728
0.8303466728
0.8243966248
0.3603925875
0.7119340713
0.5494048437
0.8855246792
0.0538578007
0.0745434506
0.1166011667
0.1857906774
0.8089964409
0.7217718367
0.5978274999
0.9456197084
0.8429727153
0.2011796563
0.2437195553
0.5544408558
0.6886846446
0.9966947390
0.8321823483
0.4710641915
0.5665082172
0.9387150077
0.4668671013
0.4245605445
0.7473123455
0.7947460730
0.8969109665
0.3885864918
0.6554432815
0.7529125472
0.5055887545
0.8361007341
0.6914068757
0.5107145905
0.5057969857
0.2949851454
0.4525800892
0.6660161787
0.5030133197
0.4910259022
0.9380765888
0.8453855051
0.3955902210
0.4694898543
0.5489292727
0.4705825545
0.6097627743
0.7612138488
0.4230741305
0.4304984092
0.1721136458
0.6335290502
0.6232793309
0.4751234387
0.6654264451
0.6783698266
0.5051114798
0.8566363776
0.8582796825
0.5637671083
0.8159598538
0.7526231491
0.6519324556
0.2182858267
0.2499907885
0.2632310221
0.1827257278
0.2193587108
0.2148904582
0.2351182658
0.4496593472
0.9406927555
0.9488972003
0.9639089375
0.9662412537
0.6450337779
0.4872102895
0.8302792501
0.6043852924
0.4198966744
0.8337583935
0.7334717444
0.9212843375
0.1555543010
0.2863572647
0.0805597030
0.3285180771
0.2143189508
0.2402010729
0.4343917066
0.2323535699
0.3384042017
0.5048914764
0.8881315021
0.6161585341
0.6147096061
0.2713781334
0.1585353351
0.2630824131
0.9280714633
0.7113244515
0.6234732749
0.5415862505
0.8331602289
0.5201765165
0.9261726857
0.1212650141
0.2378619855
0.4661967077
0.5758099665
0.6743637239
0.9742164893
0.3262536291
0.5782085940
0.5361008749
0.5790798163
0.8424887829
0.2213436714
0.0937062911
0.9022334595
0.2184018864
0.1602681545
0.1881056200
0.9483359298
0.3959916846
0.8489481417
0.6172959888
0.7675145467
0.9991804323
0.1991561413
0.1625227699
0.9460197574
0.6253624856
0.6860474801
0.6305390627
0.3741758219
0.2383048046
0.0933303826
0.4647279688
0.9484769913
0.8160697109
0.5931618757
0.5187987096
0.9821312074
0.5357299547
0.5255423986
0.5887115495
0.5983234519
0.4405136701
0.5077858072
0.5536639801
0.6842730084
0.6369595186
0.5919296543
0.3533531827
0.7393165450
0.3994900510
0.5830238006
0.2423531736
0.1972057879
0.8963131734
0.2279610511
0.3152916026
0.8450333324
0.9475161930
0.4630985916
0.3234308704
0.6373512816
0.5051320904
0.2562002908
0.4476331029
0.8524185805
0.5537326460
0.7020828746
0.2928310451
0.8042600833
0.8185108247
0.8036063506
0.2641897340
0.6275484169
0.9825534628
0.7519976179
0.0182988110
0.0084179780
0.7641993372
0.4784661307
0.8259744969
0.8055019684
0.0225546150
0.0084477478
0.6978915846
0.0530122912
0.1075421455
0.9376502771
0.5397038644
0.8303923673
0.6963400849
0.7261773672
0.5904994439
0.6059605676
0.8664464116
0.7512438482
0.2517179690
0.1621959424
0.4812639841
0.9590899222
0.4681728053
0.5004385380
0.7078969668
0.4456006724
0.1797601533
0.3534142645
0.9799828785
0.3919864741
0.3623706151
0.5622375284
0.6856686921
0.9490736824
0.6697531668
0.6015624077
0.2176757834
0.9237567292
0.6150558080
0.9453071451
0.3834278369
0.5257605120
0.0001025131
0.0000792044
0.9914935756
0.4750176081
0.9006425741
0.7552180430
0.6578811487
0.9644792141
0.8295234786
0.6867256554
0.8449782753
0.7705531881
0.6121792085
0.3611711886
0.3149117949
0.5940037764
0.9852566322
0.8945564188
0.5466750984
0.4078806821
0.5112282038
0.2479913398
0.9908754026
0.8888050471
0.4180025758
0.2543282930
0.5955657093
0.7524228506
0.7702535420
0.9269663617
0.2017664918
0.1862929151
0.5536135886
0.6646482508
0.5351694764
0.7431969843
0.3665813004
0.9268693465
0.8557793377
0.5139023851
0.2330801734
0.3707522092
0.9299771957
0.8451715403
0.7522338461
0.6236835545
0.7025437290
0.3322416453
0.4529656094
0.7380762588
0.3246259893
0.6061511233
0.9694686873
0.6387665335
0.6773430961
0.5434767679
0.8639198980
0.6336433153
0.4717354530
0.3105434993
0.9805358034
0.8679071351
0.8264760923
0.4096318942
0.4107306925
0.8627235465
0.7259958311
0.6595774008
0.5913802596
0.6243118187
0.4119159199
0.2352046708
0.3280942540
0.9763704604
0.9092840781
0.8601807386
0.7807686103
0.0714117843
0.1130538239
0.9395623311
0.6899156399
0.7271138673
0.8292438093
0.3562247741
0.1971651618
0.3659567860
0.8430770606
0.8928554417
0.4991720506
0.5169032450
0.6065896254
0.6125952646
0.8268700120
0.5350933119
0.5395999133
0.6352030968
0.6786343172
0.6956960263
0.4941529078
0.8189256738
0.7703921705
0.5831511478
0.3067450146
0.8892302094
0.6702264134
0.7394199708
0.3864399585
0.3395917343
0.3270138099
0.9389805733
0.2177024729
0.3228071451
0.2299356761
0.3099498475
0.7592710603
0.8088602393
0.8462110973
0.5482094785
0.8928880183
0.3783137037
0.5380386401
0.2674115309
0.1872285855
0.6161713652
0.6702616513
0.4508613070
0.5574815663
0.4309762255
0.8276849824
0.9507327746
0.5654864122
0.9200348457
0.8688607805
0.9683849631
0.9505018948
0.6577587892
0.4690675407
0.6030655379
0.2135223730
0.1741036167
0.6941231282
0.3421875002
0.5352083561
0.2472111816
0.2906462791
0.8371156324
0.2259169733
0.3678439733
0.9346097677
0.8354824439
0.8312408224
0.6882998808
0.8697700724
0.4468714108
0.5777760090
0.9000719589
0.9268284966
0.9015349537
0.8993409417
0.4251166660
0.9455573832
0.5171333132
0.9477516584
0.9972588599
0.6988977470
0.7124640473
0.9265320421
0.6895463431
0.4658157328
0.8257917358
0.5480586074
0.8666404305
0.8069048404
0.5889563440
0.9711291735
0.9385853181
0.3421821290
0.6243338981
0.5567607591
0.4468469626
0.1968543798
0.3554448867
0.9321185692
0.5913827307
0.6268251017
0.6440410444
0.8165603124
0.8999480074
0.9323198896
0.7789141207
0.5588148224
0.2154212564
0.1867262928
0.4331144276
0.7130743815
0.3653388801
0.5311301726
0.3923859848
0.7134623763
0.4829250304
0.5192325193
0.7020920231
0.5979942742
0.7872719143
0.8949864714
0.6990472098
0.5866408054
0.8953880303
0.5333230952
0.2084458038
0.2691925199
0.7142348212
0.4635941835
0.8671167601
0.5950146462
0.8581136290
0.4862070820
0.3969627800
0.5925811797
0.8210645901
0.8032005994
0.9106695380
0.4451930859
0.6257717917
0.3039490495
0.2624647958
0.6222981481
0.6581582377
0.3910924441
0.6786680427
0.8921585372
0.8119943682
0.8438595803
0.4009842151
0.3319046618
0.4386488116
0.9694359065
0.6160348407
0.7343501938
0.5924175868
0.8903131480
0.2597831387
0.7887867051
0.2625920828
0.4936004102
0.4910998109
0.9683091994
0.7618227793
0.3049673361
0.6865747926
0.7670717270
0.5326839671
0.6728232181
0.2388718728
0.1038987622
0.3476870321
0.4937816920
0.3589843613
0.9567220434
0.8832099632
0.8409427146
0.5815325016
0.4296268845
0.8132454036
0.6932644707
0.8077242118
0.9204335511
0.6758037467
0.6016640109
0.3154906748
0.2192791135
0.8276224681
0.7884744744
0.8335675596
0.6864984999
0.5300810821
0.4611820484
0.7977065269
0.9426921465
0.4966843234
0.5245720258
0.5330414166
0.2579903688
0.2021812686
0.5441219846
0.9568770773
0.7720404865
0.8382170099
0.3100721820
0.4645751726
0.9818888397
0.3380580720
0.2117321447
0.6006734024
0.5377868190
0.8713734958
0.8779128190
0.7251633163
0.9874889882
0.9556581308
0.6194942197
0.6923045205
0.8617483904
0.8778754504
0.9006955316
0.6472985906
0.7264036813
0.7160455818
0.8092091530
0.8347214044
0.7298194897
0.9855071980
0.9061807183
0.6644337659
0.6791468758
0.5554262254
0.3297680534
0.2983771337
0.5596038867
0.2724206342
0.7111807458
0.4601364309
0.4889735964
0.8213446982
0.3568954375
0.9105920028
0.3949534105
0.7577530475
0.5276800175
0.4788473444
0.4683951568
0.8025960843
0.8037187916
0.6590934218
0.2820690039
0.2871224508
0.6248667281
0.7949370246
0.9181908479
0.5875692166
0.3433556836
0.2798233538
0.6495280000
0.9411400815
0.8259019433
0.9247487777
0.9988205135
0.8395169464
0.4741640432
0.4597149851
0.9819061354
0.9070774640
0.3860214080
0.7876888970
0.9667274868
0.2743763988
0.1896646722
0.9597659140
0.6489746868
0.4960497116
0.2646561343
0.2951970539
0.8503199741
0.4066514056
0.8679351738
0.5162656560
0.6617013249
0.5021657263
0.3672705541
0.6363392200
0.6200170695
0.3736498750
0.4564299522
0.7941429230
0.7599258844
0.9706747432
0.8748260234
0.7109436981
0.4174037319
0.5555606455
0.6736167890
0.7727795086
0.9077237445
0.4688931200
0.7134928017
0.8617531716
0.4605457631
0.3679232786
0.5723351926
0.7636915897
0.8159906374
0.3219509502
0.7953151433
0.7559894929
0.3196511622
0.8383123043
0.3788382272
0.7340438738
0.3680648574
0.3358064667
0.1736115027
0.2331964113
0.5015842886
0.4879997493
0.9571429910
0.8761098127
0.6872677543
0.4375088670
0.1746400818
0.3168476630
0.9481965263
0.9657134409
0.8723631675
0.9274304889
0.8815047453
0.8962034169
0.9814412601
0.5274424044
0.6354424022
0.4334382102
0.5349438656
0.6274607356
0.8417298613
0.4158831641
0.6402270958
0.6079986424
0.5115020031
0.9762079831
0.4188914433
0.4584378026
0.8970421708
0.9080675111
0.8483635035
0.7334274595
0.3998520426
0.4144445284
0.4263798146
0.5846773668
0.4545563366
0.5028614082
0.0002412121
0.1830017865
0.7687426584
0.9000337547
0.7659330903
0.4376841025
0.5529286265
0.3002090280
0.5083451624
0.2771812604
0.2800928999
0.3627252967
0.9396271483
0.5166756490
0.8089271662
0.7461038762
0.8726283568
0.6408011370
0.7578723421
0.5858202351
0.2764447040
0.5496094540
0.6998690640
0.4240797491
0.6522300696
0.9491146558
0.5060229673
0.6673436708
0.9031896390
0.7169492918
0.7027923297
0.9674376314
0.4836257488
0.7162254487
0.3907618844
0.2883948305
0.7682786055
0.7709291965
0.7193486016
0.4454897709
0.4967213923
0.4617946656
0.4401686065
0.9503824689
0.6024361844
0.2407879604
0.1834508342
0.3746203676
0.4183380087
0.4789479031
0.6162060405
0.9563126235
0.2606499239
0.3574582173
0.4460215793
0.6076219472
0.5274367334
0.9246980972
0.8178825364
0.5460630915
0.5454266597
0.5230845862
0.6030095112
0.6973394207
0.6033697829
0.8134149078
0.4131443252
0.3655680289
0.1759118157
0.8433862082
0.8365720755
0.7275096343
0.4576437940
0.7132225654
0.5285687408
0.3807822911
0.3214161155
0.5967936821
0.7818621054
0.4595820250
0.4382543453
0.7045635240
0.5004206134
0.3669381586
0.4213127272
0.6176199935
0.4346354098
0.6481709581
0.9077632846
0.8477262026
0.9364567911
0.3786447912
0.4136178717
0.4954583759
0.6216153943
0.9759524511
0.8542225139
0.5975173410
0.5468519529
0.0001644019
0.5450030733
0.1129385738
0.1614862483
0.8952619792
0.5434351250
0.8068800921
0.9877248924
0.7852904158
0.5799148642
0.7378706897
0.6265708305
0.3815402272
0.4478445394
0.8697763296
0.9758585814
0.2538374443
0.2796219750
0.8316307610
0.7636524967
0.9096722980
0.7260911931
0.6468738000
0.7762964318
0.3066541352
0.2512786131
0.5403805661
0.7697306726
0.2692906405
0.3530784683
0.6440792847
0.3635752706
0.7150170619
0.9467089586
0.7715713438
0.3776622577
0.4550818718
0.8622622743
0.4797551132
0.4506788301
0.6210087449
0.3742868089
0.2113128080
0.2799896740
0.6370504360
0.4639036903
0.5334231846
0.6920162246
0.7673339134
0.4074863512
0.5954336601
0.8708592740
0.8984979966
0.8444610309
0.8761491920
0.3863440826
0.4977261608
0.8345534020
0.9937751901
0.4588918499
0.5707862007
0.7251526875
0.4407454676
0.8537042692
0.6446982516
0.5686561695
0.3453680710
0.7606458534
0.8114391463
0.7628022968
0.8606514843
0.7156873891
0.7303159668
0.6965515239
0.4546514828
0.4019563005
0.4044826265
0.7190603504
0.9801337009
0.7662636910
0.7733445812
0.6158481683
0.4022315044
0.3284703850
0.6183869914
0.2721267156
0.1800378184
0.2196508107
0.6875822557
0.3350853650
0.2848335726
0.3861812297
0.3673012496
0.3844415253
0.8679575602
0.5498832361
0.5650614765
0.4204992262
0.7859336629
0.1800278270
0.2141922174
0.1259208785
0.4892224744
0.3620059737
0.1856844675
0.4937264337
0.4709266488
0.7831892786
0.6918196411
0.3839931674
0.8854149481
0.3409667959
0.7043278015
0.2834069438
0.3902478904
0.5356965522
0.7410469568
0.5452366256
0.7328285825
0.2062034062
0.3206572491
0.6036249663
0.8268835094
0.8721873758
0.4885621710
0.8910041903
0.6201601507
0.5737824563
0.8605826030
0.2290022270
0.2528193043
0.6437978701
0.4178189866
0.9433849490
0.7664191417
0.3829657496
0.9662901759
0.8006194291
0.6693678986
0.3054653345
0.3288871254
0.8971904474
0.3799708204
0.9815054396
0.1392192933
0.3640716799
0.3964985751
0.5020440349
0.6350633789
0.3353897029
0.1326282662
0.0001172136
0.0002124749
0.9821533268
0.8703657964
0.9021713709
0.3436293611
0.5837385757
0.5796153519
0.5424161223
0.5743757651
0.2313071960
0.2627664768
0.1242764801
0.1474077918
0.7469082924
0.9193503335
0.6103990041
0.5095037476
0.6016600829
0.3583124080
0.2609983262
0.4065028082
0.8885100698
0.6955811441
0.5302437954
0.4033750988
0.3862607919
0.4556150496
0.2516711174
0.9269849958
0.7267062945
0.4637800772
0.9643078826
0.5599484786
0.7330866062
0.6634788745
0.8360158475
0.4176604586
0.4870718276
0.7044982778
0.8855759210
0.7688909869
0.6123963668
0.7778390624
0.4614185187
0.8755295151
0.9576453317
0.9139924995
0.0555801817
0.0605583419
0.1536189715
0.4289152938
0.0959116038
0.1734705782
0.3822119215
0.6331708479
0.2619482539
0.4436055132
0.5113171434
0.8502594167
0.6962882137
0.5302079024
0.5989397799
0.6797332927
0.3726835633
0.2199869767
0.2563996977
0.1706314167
0.2840160169
0.9935429903
0.7742475111
0.2129148565
0.4650085867
0.2913537324
0.3025014688
0.6573765801
0.5328370759
0.3811556610
0.9060988320
0.9989108453
0.3971901465
0.4851807261
0.9095153076
0.6110416323
0.3893147406
0.5056824597
0.6618492896
0.4187265570
0.4323028679
0.8842041987
0.3199447988
0.8324609656
0.4059594800
0.6918735113
0.7350307599
0.9899890548
0.8085118681
0.7252888550
0.9949795617
0.7126434409
0.9836641325
0.8467963715
0.6520142488
0.3158024038
0.2202203753
0.7126389224
0.0003678278
0.0001542959
0.4517489140
0.3318168952
0.6235120275
0.1789273449
0.1106870143
0.3751086973
0.5367206369
0.3891947456
0.3232385763
0.7089657918
0.2939030044
0.1788664238
0.5869070183
0.7653702828
0.3504916240
0.9935933893
0.2929536836
0.8173333597
0.7102772575
0.7371904598
0.4491919829
0.3801283650
0.3223713547
0.5022808237
0.6711958838
0.3862449561
0.4004313616
0.3814489667
0.5880303216
0.8669526009
0.8253255130
0.4327552774
0.2198281773
0.2823298970
0.3920289626
0.6437601882
0.3782560720
0.3732323724
0.3143200756
0.7552488386
0.1902384769
0.4485611775
0.4168476825
0.7736467038
0.2048235911
0.1707571395
0.2695991837
0.5849608972
0.7844694321
0.4054579523
0.5802683302
0.4187604957
0.3088246800
0.8842012260
0.8945533618
0.5832675323
0.8244008565
0.6636666558
0.2846328005
0.9278192639
0.3988897395
0.9955839499
0.5379691974
0.6714107779
0.7082841489
0.4599845860
0.6286049288
0.8802719772
0.3405398167
0.8506912120
0.2495667996
0.4542853964
0.9176727935
0.7707861106
0.9722932019
0.3906787061
0.4168358393
0.5977055867
0.2378549076
0.8860543879
0.5478687605
0.8411376727
0.3546145073
0.4634331190
0.9583346710
0.3339531871
0.3306962681
0.6618083610
0.5014666407
0.5023858937
0.8998663273
0.6024943075
0.4522964714
0.6003178410
0.9489335781
0.9810047899
0.6525928635
0.9296140085
0.6998539717
0.4397015892
0.2802137571
0.4162476839
0.9932887476
0.5783838577
0.5279633142
0.9760354071
0.5936466985
0.7611752518
0.9580433974
0.5998475174
0.7791452875
0.5543994736
0.7509234605
0.9745271823
0.6641517779
0.2804039816
0.4772544186
0.2985589249
0.5472417432
0.9204970884
0.6895868339
0.6803969778
0.8820637339
0.7817341522
0.4998595006
0.2259244300
0.3656567369
0.8115640638
0.8551968968
0.7853989823
0.4685458667
0.1602751486
0.1903652807
0.9121348505
0.8890771564
0.7162753468
0.5311656997
0.9675909672
0.4231556931
0.3357125053
0.2049145093
0.5568407184
0.2650218837
0.5687050136
0.3154602280
0.3343292909
0.9450463122
0.9992433383
0.4657560504
0.7070334536
0.4098948276
0.5549686297
0.8821279983
0.7166924349
0.9145112764
0.7160065846
0.2492331054
0.6506503715
0.6542222520
0.5359316661
0.5840748904
0.7696206739
0.4345388699
0.5019614186
0.3233193458
0.1820460692
0.2368940456
0.9595192952
0.3587957651
0.9152025279
0.9194154741
0.9499533377
0.4462984791
0.6252747926
0.8779670096
0.8183113943
0.7241301277
0.2745846660
0.3570425145
0.5631347680
0.7679738698
0.8356180609
0.4391328025
0.4449007067
0.9904196166
0.6676940051
0.2911261595
0.9117514687
0.3645097557
0.5541124594
0.6943408741
0.6407293889
0.6451275237
0.6585428026
0.6213466680
0.5787412571
0.5355754897
0.8871039218
0.9983196267
0.8854895640
0.6792274014
0.7655104795
0.7546771506
0.6904349056
0.8743883598
0.7812829886
0.4912059079
0.3886238501
0.8965390979
0.8467171411
0.9727467361
0.3238668099
0.6144651263
0.8558801343
0.7502699671
0.8257378210
0.2183850972
0.1256949908
0.5805329409
0.8453376736
0.2686131642
0.1872217843
0.7646742126
0.5742923687
0.9210428145
0.8624825624
0.6154426628
0.6766431435
0.5953248469
0.7299488780
0.3038241766
0.2769156465
0.8348914141
0.6727184585
0.1430998956
0.4324182914
0.7699633963
0.8166456967
0.3095269251
0.4576727607
0.8467271802
0.1916955263
0.1764184414
0.7397860493
0.8438657302
0.6404518805
0.1721260330
0.4772732003
0.5662376233
0.8417574624
0.6675812339
0.6003435750
0.3516673916
0.3709382328
0.8234096223
0.7906681866
0.3769712002
0.5207979840
0.4964468571
0.2681598795
0.3324206991
0.3960365451
0.2855655390
0.4524048986
0.4770960575
0.5976569977
0.5604134661
0.2344637353
0.3178402322
0.8817256120
0.7901109955
0.1196260459
0.1211687338
0.9217249796
0.7110849259
0.6711728534
0.8044584231
0.7828495233
0.9357333175
0.6248656189
0.3196868617
0.4869428074
0.8734415051
0.8793369753
0.8064566158
0.6237649696
0.9548272355
0.9948675944
0.8330568911
0.6258988620
0.1817705415
0.1549882144
0.9073548120
0.6403176157
0.1876348118
0.1612445831
0.4049484612
0.6909139278
0.6134416182
0.7755615755
0.6727555338
0.3320096771
0.2784698394
0.7848351951
0.5919215928
0.6616993746
0.5366518678
0.9273665244
0.7039619740
0.5187159237
0.7953082250
0.8384245846
0.5198591988
0.7540084489
0.7087535222
0.9559325424
0.5328712992
0.5925988322
0.7855861912
0.6542650975
0.7435681500
0.6658900993
0.6333371306
0.7988224990
0.9869594329
0.1985145272
0.2976004187
0.5082391976
0.7740558455
0.5783989085
0.4549280606
0.3049083788
0.2197983328
0.7025643064
0.6922756176
0.5088106209
0.7589321942
0.5263568756
0.5005962503
0.2831566487
0.1314929811
0.1359968770
0.7892378883
0.2432935646
0.3922931460
0.5825369421
0.7848669905
0.5072516489
0.8651422918
0.7370872486
0.6894563052
0.3614971193
0.4971733394
0.3284926851
0.3851124987
0.6048932158
0.5550457341
0.6078139654
0.6871742090
0.9755584680
0.8839000112
0.6249784129
0.6576779761
0.4744886934
0.9477544096
0.6891359403
0.9835482661
0.8301239389
0.6478524580
0.8197872692
0.7868457396
0.4854180259
0.5890186338
0.7108485537
0.1809960511
0.1857665136
0.8090052460
0.9016548328
0.9003489817
0.6884159186
0.9216260063
0.6369903911
0.4285601412
0.7711912012
0.4153830458
0.8049974360
0.4935366631
0.8824904202
0.9325097025
0.4644417603
0.5040063989
0.7984945734
0.4951518595
0.6385199770
0.6967749201
0.7787796095
0.7585650231
0.9076039849
0.9802392217
0.9724944681
0.8018338769
0.4086316448
0.5432691914
0.6803739859
0.6974446102
0.3710186142
0.5052688018
0.6027574534
0.2767843242
0.3213706399
0.9614741650
0.3801075266
0.3426287246
0.8255269494
0.9308969505
0.7142047309
0.4811181629
0.6895004719
0.5411146907
0.7531893879
0.7969942521
0.7149979249
0.5098285507
0.7359671819
0.6363254094
0.8741229314
0.5788857749
0.9385806690
0.4346525490
0.6785593647
0.2353972339
0.8300662719
0.2642434233
0.5748143816
0.5225616613
0.3825472961
0.2552284809
0.8073868703
0.3821369926
0.4195762575
0.4677452908
0.6617473692
0.5820545581
0.8093536993
0.8090140221
0.9243649517
0.5127523506
0.6467122563
0.7191695847
0.2237665146
0.4684385482
0.2338016313
0.1934281493
0.6102592915
0.4474743655
0.8269260100
0.9765437494
0.8325936602
0.5090742136
0.4482653275
0.7233215634
0.6084001573
0.4619073106
0.9806787126
0.6718178849
0.7263375797
0.8157083869
0.3282192122
0.6071622426
0.9176527910
0.8553872929
0.4963566226
0.3261793238
0.3323971057
0.2177743092
0.4210120198
0.8004993504
0.4200741537
0.7181450300
0.5239888950
0.5569017123
0.7187383864
0.6019900566
0.4015749129
0.6414903594
0.6899908105
0.4634950746
0.6756525442
0.5345129724
0.9181270853
0.6038831825
0.8267822511
0.7717827837
0.9438491686
0.1426730651
0.5378523554
0.2236046139
0.7144362075
0.6330718944
0.6903638808
0.6588136226
0.4723045185
0.5101794489
0.3077542468
0.2863035547
0.4001030293
0.7796264264
0.9439436029
0.8129334180
0.2238776331
0.3023631722
0.3071673635
0.3156785738
0.7997548564
0.5280232309
0.1092531676
0.1984889434
0.9712974198
0.9243707700
0.7406350550
0.5764469906
0.7819666233
0.9712930385
0.7710692432
0.5838804280
0.8524828275
0.7478514921
0.6770669370
0.5637276157
0.9073366300
0.5898285483
0.4746079924
0.2765562919
0.2546367338
0.4128883372
0.2326470753
0.1879022107
0.1640139742
0.3925416687
0.4133191996
0.3289243479
0.2811105640
0.3230559112
0.2616102131
0.3290969307
0.8509700030
0.8201065427
0.8096838776
0.7376509773
0.6809650764
0.7622479162
0.9936755726
0.8381717153
0.6118893680
0.7802671053
0.8705455277
0.3558202041
0.2372821063
0.4112597485
0.8858900403
0.7010558773
0.5370772849
0.2471398793
0.1362746272
0.2566223162
0.4992205519
0.3009012114
0.8386049650
0.8082674476
0.5711534215
0.4803635747
0.7927723770
0.6051166757
0.7893715040
0.4430218171
0.8152579466
0.8267744623
0.6749307596
0.5743417887
0.3619820085
0.4233569117
0.5280526979
0.5797202365
0.6169643859
0.8183883184
0.8145585699
0.7150961623
0.9259897639
0.2448501603
0.8040396482
0.3055664953
0.8775619538
0.6390562475
0.9434859735
0.6470315479
0.8652727403
0.4837447746
0.3725698876
0.5794755783
0.6024073878
0.8238083058
0.5568490756
0.5231778868
0.4047542617
0.3887916085
0.3170650987
0.1607763705
0.6478924905
0.8706142785
0.5177146132
0.2756306855
0.2701345764
0.2135150461
0.4974584932
0.7118473008
0.9565913161
0.8784953706
0.9367073705
0.8432350773
0.2964913188
0.2591059566
0.6302500124
0.9162142640
0.2880801787
0.6966925374
0.8489443623
0.8529197371
0.5053093844
0.9105175071
0.5129021742
0.3101495130
0.1706925797
0.2644908527
0.6562369087
0.9243865283
0.6756321225
0.8807106112
0.2899785437
0.2132681713
0.4903344846
0.9024604663
0.6578248826
0.7219388795
0.3451555867
0.1060984935
0.2286237168
0.4155253147
0.4627642926
0.2231354702
0.8197191762
0.1194719452
0.1285411024
0.6881985421
0.1340256523
0.1360431382
0.4559768520
0.2726861143
0.1887708715
0.3616648679
0.6612263508
0.6897709782
0.2887187473
0.2529543696
0.6917529286
0.8294161140
0.9184060914
0.8470442388
0.6288194490
0.6184489878
0.8142172295
0.8741215103
0.1455107579
0.1150871668
0.8154716059
0.6252166671
0.5115114040
0.7515570280
0.2148169896
0.6971281115
0.4181367655
0.2708639224
0.2897990737
0.7502597927
0.9633628015
0.6412140403
0.3626421022
0.4609394805
0.3568546907
0.9348026325
0.3183627198
0.3249522409
0.3691478750
0.6451786433
0.4197695936
0.9939407469
0.5058818373
0.5197739635
0.9489740945
0.6473858143
0.4075462873
0.4489780844
0.8915068604
0.5836283827
0.8209559443
0.9098536416
0.3427879402
0.3801850886
0.9043357029
0.5863656574
0.9983053404
0.8226587453
0.4528200165
0.5384831297
0.7525743285
0.5572479293
0.3134404809
0.7033381430
0.9073659637
0.6226759639
0.5457317572
0.5084618922
0.5422126391
0.7606142384
0.2415959200
0.4970436359
0.7709566380
0.7126753474
0.8546627989
0.9491917800
0.6069851736
0.7737386189
0.8808678073
0.5344799851
0.2219025749
0.2036535016
0.6451664102
0.8551017057
0.7896622180
0.3805114152
0.3721078640
0.8244474104
0.7754856624
0.7926715968
0.7444286497
0.6606642130
0.8451131403
0.6410826714
0.2694891213
0.1513297810
0.5824715528
0.9598925517
0.7621413480
0.9381423262
0.9155735382
0.9879295143
0.8220757548
0.8686708142
0.6248525455
0.5686112726
0.7264957704
0.5046600401
0.5805277606
0.5920861233
0.4403107979
0.4871234356
0.5891769256
0.9927760480
0.5612968352
0.6005707491
0.4348806623
0.6166912142
0.6766306785
0.4359916431
0.2030000963
0.2683226572
0.3625759827
0.7191352127
0.9386067772
0.3730331888
0.3785451664
0.4402131361
0.3313962450
0.1678788407
0.1727664548
0.5605193552
0.4800250503
0.4667168074
0.8343961069
0.7880151284
0.8199228242
0.8637980046
0.6734323171
0.6680246392
0.3388636961
0.3178084478
0.4159651188
0.3442118174
0.3548598270
0.3569898012
0.9772790356
0.7781198231
0.6544016993
0.7811648289
0.9962199606
0.8885996994
0.9640789807
0.8812198909
0.9460349917
0.6082412596
0.6747642650
0.2859953086
0.2812621541
0.5206724098
0.8661902999
0.3291422189
0.4725958965
0.7733453667
0.5491426500
0.7971852060
0.9847789782
0.1576313064
0.1945732488
0.2945821597
0.7339047042
0.8827289464
0.5884977632
0.6274649037
0.4119624506
0.3606159445
0.5219689768
0.9943884388
0.8247358466
0.3122370386
0.3654233127
0.8706900793
0.7098882779
0.7586291346
0.4805910737
0.7402143448
0.6453809455
0.3097938328
0.1152611547
0.1585134172
0.9713576711
0.6048255971
0.7293553411
0.4623598777
0.4818651094
0.7508735739
0.8223438276
0.8812100060
0.7594927244
0.0945630301
0.0675400496
0.4323529927
0.3921730169
0.2947681660
0.2423330928
0.4345691478
0.9263873072
0.8824014184
0.3630170355
0.4094878249
0.8691293194
0.9386608738
0.5625813565
0.4807269559
0.7479567652
0.7422316165
0.5743941803
0.8324103820
0.5377589204
0.4152128053
0.8162215392
0.9068339408
0.9286152607
0.7347491459
0.4781024746
0.6817780955
0.7100819399
0.7684782139
0.8115040118
0.9554570847
0.6635072833
0.3807426752
0.1890484210
0.2617726042
0.3735635661
0.2577965890
0.5122937200
0.7488008603
0.7311960520
0.5848183520
0.7359206831
0.9052659903
0.8810318835
0.3068440735
0.3891970666
0.6694403846
0.4783819448
0.2593329065
0.5891006472
0.7649308156
0.7388145091
0.5617720680
0.6165975735
0.5824571966
0.0001650836
0.0001606668
0.8298010038
0.9820020497
0.5689281678
0.6309523785
0.7778361349
0.4383385314
0.8663711699
0.6263524911
0.8294097174
0.2848411980
0.3010119156
0.1524779212
0.6259990599
0.5746967386
0.7497324216
0.7556377530
0.6172756512
0.5523339996
0.5505814400
0.6684452865
0.9901391020
0.4512554696
0.3482931199
0.6206888189
0.6803573182
0.6990453916
0.3992752215
0.1399267697
0.3855531309
0.6532511357
0.3309763231
0.4010190031
0.6555865123
0.3202326420
0.1810719734
0.8356252679
0.2033769515
0.7604287615
0.5738920484
0.6185855946
0.5275389870
0.6558964654
0.8583556590
0.8524717772
0.6235216075
0.6458927137
0.5285350513
0.8056185095
0.1300261003
0.3869933857
0.4569679210
0.4514025205
0.5530609704
0.6803246246
0.4451028318
0.4106118043
0.8280771793
0.2951154640
0.4706340838
0.1917526278
0.0912284211
0.9123712384
0.8526788385
0.1876932620
0.1981311428
0.2720646185
0.4415008933
0.8973315807
0.7249758940
0.4138237108
0.3082629226
0.8644977860
0.9335965061
0.2838049383
0.1520479940
0.3088491457
0.5547664718
0.2686419079
0.3228661389
0.6712842453
0.1135795085
0.3456274603
0.6495568794
0.3150157103
0.8005752969
0.8559302858
0.5009940955
0.6549775772
0.6611796207
0.5739019979
0.5117852157
0.6707633051
0.6009781515
0.6717145196
0.5468075632
0.5975154568
0.2598395005
0.3355881487
0.6803835202
0.4279984947
0.2016721777
0.0973925974
0.9563658841
0.5318957484
0.7812088899
0.7707555618
0.7729650915
0.7245171739
0.0415114538
0.1029777261
0.5575526383
0.6276261375
0.5657251252
0.5194880977
0.0972429045
0.1608715637
0.2898537560
0.9599050997
0.5749639055
0.0383442203
0.0175920883
0.1063975869
0.2769056684
0.4997275840
0.2712755621
0.4753729362
0.3495983195
0.7930191490
0.5432488007
0.5019212265
0.7281899992
0.1804948735
0.2353082666
0.3919464136
0.2198881320
0.5220729819
0.6612067007
0.8462484728
0.9907853927
0.8309097605
0.6443341718
0.9815448681
0.8771448675
0.7203598477
0.7243322469
0.6859118007
0.5051142291
0.7469680769
0.4563976308
0.9781590922
0.9205293573
0.9190454303
0.5659712042
0.8850323933
0.7314606673
0.9190511013
0.4923030952
0.2297867233
0.2119443719
0.3306457741
0.7552517502
0.8286811361
0.4297826037
0.4511595109
0.4458263527
0.4340130479
0.7274851740
0.8497677396
0.7282913015
0.9605786559
0.9313493925
0.7925566633
0.8639155422
0.8362337869
0.7673764965
0.8857991400
0.8685990942
0.5974284054
0.3150343425
0.5089590486
0.5087230018
0.6040842288
0.8575592588
0.9318624933
0.6555750550
0.4848917969
0.2094509073
0.5359296629
0.8663808591
0.8099820115
0.5750455598
0.5204170233
0.8799576914
0.9737953107
0.2772004581
0.2273070130
0.6333025917
0.7037368332
0.7988763077
0.8326668056
0.7225021356
0.5725707461
0.6933472959
0.6546487507
0.8034559740
0.6315339990
0.2332247816
0.2708560920
0.3844130846
0.7326833001
0.3608744628
0.1682972453
0.3957584136
0.4626267512
0.6457498127
0.4049456081
0.3332150718
0.4846044024
0.6311273411
0.6327381196
0.3716990380
0.2366261830
0.6200125181
0.1223048596
0.1658891141
0.5438759689
0.5809971492
0.3648740578
0.4201808663
0.5043797476
0.5322751157
0.2638758977
0.8502867479
0.2609836553
0.2220392372
0.2074096671
0.8443277936
0.4262089691
0.5957627487
0.6928085436
0.9315429088
0.9359018893
0.4876866450
0.2419224881
0.2689366600
0.6567965730
0.9113915240
0.7518973988
0.4883687836
0.8163169464
0.4132960119
0.4596380116
0.7287672359
0.1831543841
0.2012358423
0.4767211580
0.7641530306
0.5063032671
0.5359392935
0.8445578543
0.7568291209
0.9967863667
0.8744290790
0.8662644946
0.7288841191
0.6302814537
0.4080770686
0.6587593950
0.6132290145
0.9510204646
0.6810417672
0.9789328575
0.5513192625
0.2623502848
0.3308506191
0.7054846032
0.9095739821
0.4327347746
0.5280176543
0.5397843906
0.2255916849
0.4580634193
0.6676048119
0.4035733007
0.4753362261
0.6089806998
0.2904022576
0.6678754607
0.9657462062
0.8672761823
0.8559274778
0.9643041580
0.2509919283
0.2263248766
0.5224062809
0.3583840925
0.2806716561
0.3357360106
0.6646574637
0.5062318312
0.1735975961
0.3712829899
0.5898980727
0.8381531784
0.4570164188
0.9016157937
0.5769628889
0.7915799824
0.6022873577
0.2636630166
0.7450692667
0.0014874544
0.0002509292
0.9345197949
0.8416978280
0.8653117864
0.6786631192
0.9042415392
0.6676336816
0.9018099651
0.7081044890
0.5577108826
0.7968937619
0.7111582847
0.6217013033
0.3327981943
0.2290466131
0.5497932586
0.8018294119
0.9188167334
0.5466120923
0.3413104591
0.3290078453
0.9436347153
0.3637886356
0.1369929283
0.1906973561
0.1671352151
0.1052340350
0.1346095643
0.1746928504
0.8664475593
0.8453427745
0.5615237713
0.4315365597
0.9014555686
0.4472519898
0.6362965834
0.2461899438
0.6683411289
0.7690230065
0.5029222579
0.4071265252
0.7498596312
0.6788640697
0.8317168762
0.6645442357
0.6185718614
0.6333253964
0.5951872598
0.3105573238
0.4494821305
0.9398539953
0.6777299954
0.8943179915
0.7891535011
0.3878950645
0.6593864910
0.9119266489
0.9223086753
0.3046989914
0.3567262221
0.9060063930
0.5456912495
0.6570425860
0.6680205220
0.7030015555
0.8520159209
0.3679517405
0.7227260215
0.5064455350
0.9102524936
0.1245277335
0.0777827073
0.3563874605
0.6902355091
0.8692572814
0.4051975310
0.2970432004
0.2219144496
0.3882610248
0.6430289939
0.4216142110
0.7018438014
0.4277522101
0.7736069320
0.4142558019
0.7588331077
0.7821222323
0.4345887550
0.2633422455
0.4250082239
0.1909001287
0.4231452633
0.5754015476
0.4863609889
0.2566073182
0.1900754176
0.3788777014
0.2809926326
0.5926673103
0.5813498843
0.4411267547
0.4329729993
0.8142499215
0.9814727991
0.7897738162
0.6161805117
0.8390043496
0.2281675800
0.1678445635
0.7945433683
0.9633805710
0.3644674790
0.7634791854
0.9565364106
0.4244069126
0.3315419305
0.7098741989
0.4790522979
0.4033422287
0.5813871382
0.2096265700
0.2134611193
0.2522500074
0.4766474048
0.6401060162
0.9457066922
0.1972929976
0.2433540766
0.9113814517
0.9889601749
0.4907282549
0.5674978604
0.9669979551
0.7839968661
0.6542840571
0.5807335726
0.8426339468
0.4343352496
0.5549605048
0.7120709474
0.5867918649
0.6653586535
0.3932398936
0.2663698434
0.3764452127
0.8582868608
0.4847718908
0.4668837861
0.8911075131
0.7673191398
0.6678792668
0.8373067879
0.8665753931
0.9349619224
0.4861487825
0.5312555261
0.0004936445
0.0000731872
0.3896976731
0.5076771160
0.4509759910
0.4530277649
0.6503392094
0.4525310406
0.4761063502
0.7199550449
0.6661346970
0.5101359451
0.5275219787
0.7236254903
0.4378165013
0.3952266727
0.5009149572
0.4505812886
0.7741537838
0.2784970474
0.2389398063
0.2933793791
0.2195019573
0.5155761611
0.8763270668
0.7950214538
0.5851335377
0.7928594962
0.9889360839
0.5623355428
0.1836213763
0.6082375585
0.5954264276
0.1984977748
0.5831288026
0.4587063602
0.7093356240
0.6068530685
0.3349893186
0.3587113072
0.9253263485
0.5934429777
0.6329020405
0.8296129780
0.4124591897
0.9676024783
0.0857934331
0.1919370129
0.5656327796
0.3569417042
0.5019976283
0.8457344203
0.7784465327
0.4865865800
0.4849661537
0.4252565960
0.3568892748
0.9264721989
0.9058134991
0.5887949593
0.8983005167
0.9532339601
0.5237438446
0.7566525133
0.1708438473
0.1236442061
0.4301166915
0.7526968238
0.7488348153
0.4247895668
0.4832551241
0.3258688957
0.3688341546
0.9798849127
0.7903106345
0.7183920267
0.8084593472
0.4276805534
0.2175098083
0.1952284504
0.6022803284
0.7253725121
0.5430278112
0.7324298255
0.5018027226
0.1279216026
0.1935547242
0.6618499494
0.6469715790
0.7488495333
0.7931179101
0.3774269561
0.3822176450
0.8729040101
0.5903769435
0.5054542357
0.7666511675
0.9860796933
0.4791362381
0.3913287231
0.6760906271
0.7838984916
0.6497383967
0.5107344605
0.6747825599
0.5493578891
0.8007856200
0.7116105157
0.9184223064
0.4293649560
0.3420571921
0.7936096525
0.6718314364
0.5965331977
0.7348597378
0.2029851987
0.9913472627
0.2313071243
0.4260074340
0.9601170954
0.6424052493
0.6356707485
0.8274469882
0.7510878964
0.7100221547
0.6727411105
0.7736241576
0.1878630529
0.9010890694
0.9331318123
0.1574206539
0.2480375212
0.3040353882
0.5613045407
0.6940881556
0.4902349383
0.4341905188
0.5486204160
0.0965209547
0.3089869734
0.4696052499
0.1879311900
0.1632313387
0.2519452736
0.1590791307
0.1090801424
0.8311512235
0.7046903919
0.4358887315
0.4518198017
0.4781714749
0.6492575969
0.8177720161
0.5166080640
0.3798883255
0.8725531533
0.9955661806
0.1637252853
0.2183718797
0.7095084330
0.3806207422
0.8041643106
0.5130692476
0.9686447728
0.7651692224
0.9167957000
0.5649780452
0.9729041459
0.4889757329
0.6179470953
0.7328744439
0.6712633507
0.5188804950
0.3918525390
0.6112727372
0.4151033722
0.8373194650
0.7115279373
0.9665230415
0.2226727489
0.1422623690
0.3269320014
0.7488590434
0.9719185733
0.3396128291
0.6213587768
0.7004439374
0.4451290326
0.4489449495
0.2189051782
0.4728928045
0.8632541335
0.6749608508
0.5637335796
0.5128319099
0.7318290208
0.9430365768
0.9181327086
0.4664740478
0.3481638714
0.3924062698
0.3100557557
0.2495238676
0.4305228259
0.5776929892
0.4045660899
0.5726681937
0.9955209564
0.5177727503
0.7990592106
0.6328342114
0.7386463883
0.8851152324
0.8885785319
0.9879060759
0.3992963803
0.7894406300
0.8770911550
0.5356196143
0.2089840680
0.1445313855
0.4793137707
0.6196380437
0.9431955324
0.9783306874
0.7239457828
0.7524174694
0.2660197808
0.5554877778
0.3979412595
0.4644254089
0.4320423545
0.4658390524
0.4801064796
0.8625401474
0.7656885393
0.7054348983
0.4770916638
0.3656494002
0.7676008492
0.9831107593
0.2344470771
0.3711419850
0.7885094399
0.7553323005
0.5541888745
0.6979916440
0.7990122556
0.7485281474
0.8936890817
0.8392334781
0.5050724979
0.8216455185
0.5493364830
0.8844408686
0.9498471186
0.9182785990
0.6702305423
0.5724909541
0.4956852699
0.8094769667
0.5786612350
0.4885517272
0.8675454505
0.9346235815
0.6691373262
0.4172194118
0.5516655312
0.0999039574
0.2312437116
0.7060393292
0.6473811493
0.4197051269
0.6290780614
0.1439021721
0.2420223972
0.3169110973
0.3171683713
0.3063891974
0.7371233970
0.8354819646
0.7638739635
0.3686000432
0.3885685283
0.9774717891
0.5181466607
0.4243901761
0.8006066624
0.4776177676
0.3906491603
0.8939159767
0.4176564939
0.8819383645
0.6722873201
0.7322523155
0.9830707852
0.4825283296
0.3104442929
0.5754835242
0.4450858336
0.1325117646
0.2741879857
0.4550921206
0.4088518941
0.6793798627
0.9476327989
0.7095089383
0.3102625814
0.3294315957
0.4739972271
0.9035206457
0.7805798143
0.9889093207
0.7636391180
0.5868023289
0.6788653876
0.8256922347
0.3665302988
0.4654138223
0.7177408556
0.4238642328
0.9530014837
0.5718157759
0.5085275646
0.4697182042
0.8665339423
0.3531154726
0.3097876685
0.3404238834
0.8734353210
0.3033022081
0.4511226358
0.5795573880
0.2665250796
0.3861641054
0.9203920742
0.7354705900
0.9269344976
0.7154536310
0.3517010609
0.6439871811
0.8342323392
0.7846756220
0.4558938237
0.3287820477
0.6551245846
0.8937743375
0.8142438448
0.9782826037
0.4862621751
0.3797630499
0.2716149626
0.4219156710
0.4185208171
0.1453169917
0.1916572781
0.1382007229
0.1258415326
0.9286021143
0.1923389380
0.8436495306
0.5378895766
0.3202839334
0.2304061977
0.9612119975
0.7620489269
0.6480678539
0.3029555925
0.4712050730
0.6192508621
0.2899447104
0.5481822734
0.3298466722
0.6438544834
0.7859065605
0.5768737175
0.4341063302
0.3703208887
0.9177936862
0.8882146810
0.7579004597
0.5542969341
0.9876159244
0.4856656070
0.7509295577
0.8181668675
0.8857111692
0.8936345812
0.8092344785
0.5094931565
0.6713484697
0.8259932962
0.8013937550
0.8901619464
0.7629460752
0.9346477100
0.9049131987
0.5635130114
0.3480012365
0.4670723921
0.6626649736
0.5617015609
0.5613462931
0.8249329718
0.4565782353
0.2426765340
0.4536530207
0.6857950849
0.5450386811
0.8202568513
0.6978736947
0.8366927515
0.2487983894
0.2031980848
0.7066615362
0.5847395471
0.9862919008
0.3609158565
0.4834581274
0.5758359449
0.2686400059
0.5842059828
0.7521094152
0.3817718632
0.6049754600
0.3147845981
0.5140782665
0.4310928418
0.4690379933
0.2575394914
0.4111878450
0.9043344974
0.4278711129
0.7113676197
0.7618233592
0.3558982404
0.6602857229
0.9309372304
0.7968471587
0.5498390635
0.7397101464
0.8173697684
0.5539134227
0.4824678510
0.3392467227
0.4533986371
0.2611981191
0.4024825141
0.5841389138
0.4726946345
0.4635750664
0.6430120432
0.8603257170
0.5978773421
0.6487225986
0.9479350132
0.7863930367
0.5786088078
0.8379407274
0.2476748722
0.2498751628
0.7503881990
0.5556921203
0.4969451748
0.7552275290
0.4368035406
0.2193180425
0.5166272339
0.7839224880
0.9136499231
0.5069085342
0.8858882562
0.4738946035
0.4294121015
0.4531525605
0.3755115638
0.4251833776
0.7328924116
0.8431886845
0.4612738941
0.2060337072
0.2855208754
0.5831248642
0.8069154504
0.6250162236
0.7153121692
0.2093889106
0.7157192020
0.5933249433
0.6086418500
0.5546253925
0.6326797863
0.7941170047
0.2785438498
0.6437741090
0.7015462164
0.4444941747
0.2654256313
0.4575637611
0.4926387805
0.5867001991
0.8776318286
0.7165726052
0.1217629536
0.1212221748
0.5716859438
0.2074286145
0.1176007040
0.5620985480
0.9305095295
0.5453179497
0.5137820109
0.9875108497
0.7434162589
0.5944062917
0.9122016770
0.8823447434
0.4870908256
0.3825538379
0.9379842886
0.3094457894
0.8564491808
0.9961734776
0.4448566047
0.7246203014
0.3940371981
0.1771636799
0.4681192342
0.5332623983
0.5412618259
0.4284404859
0.3690792555
0.6226014237
0.4856512140
0.3801592589
0.5665111956
0.1076435981
0.3514097837
0.6681990833
0.7464549537
0.6572248200
0.8481851351
0.3395425714
0.5188129381
0.7684367131
0.5423889187
0.3842449036
0.8273660288
0.3704994715
0.9778939183
0.3652774082
0.4331302822
0.7580537322
0.5198339136
0.5486608375
0.8263192813
0.3480949378
0.3950650068
0.8628674593
0.6392905694
0.4007594042
0.6317709602
0.8512982780
0.3587364015
0.1921867998
0.4984340261
0.6931651626
0.7545414797
0.5278811174
0.6862127215
0.2698013802
0.1782806958
0.2519770681
0.3530750372
0.7304904571
0.6757689115
0.5844497301
0.5460501761
0.4943622143
0.5753894793
0.8880798638
0.6502145073
0.4575702355
0.8577365630
0.7268634792
0.6918054803
0.6322953304
0.4805648072
0.2981732527
0.3911051062
0.2469966432
0.1928167370
0.8959246589
0.5552640131
0.5816920406
0.6842961292
0.8531030696
0.6260232685
0.5550784719
0.4994035865
0.3008244930
0.7333870463
0.2880805071
0.8717464360
0.9458303661
0.2394985863
0.5008291162
0.3191029284
0.5671274584
0.7581332919
0.9088098502
0.9081005352
0.9687886554
0.5464761535
0.9701733849
0.8343401271
0.5376298266
0.9354532680
0.8753048402
0.9097899725
0.8345403521
0.1215168684
0.1391279934
0.1873419269
0.3130543624
0.4548211616
0.7389638424
0.6222713771
0.6215076137
0.9427833581
0.6046878598
0.7721691204
0.3172412214
0.3127566906
0.9854176891
0.6103150574
0.4093772475
0.3742130574
0.6892302904
0.5112729858
0.5492506489
0.3566104612
0.3093871190
0.7346750678
0.8445213138
0.9877756588
0.8650542122
0.6145562279
0.6089291821
0.4001036642
0.9187186869
0.7015598483
0.7865618139
0.9455906047
0.6838735706
0.4983372830
0.1131188445
0.5312268820
0.2891302452
0.5256908680
0.4011750195
0.4837449917
0.7497112848
0.6181837140
0.7441441242
0.9169417787
0.8480432931
0.4391320147
0.3835901762
0.6070205646
0.3258935999
0.6093631451
0.7930914392
0.7766179176
0.6486836549
0.6731697227
0.8170446533
0.4684416376
0.8277278474
0.4303698129
0.5529593427
0.3753138830
0.5206685632
0.4299356101
0.9011854110
0.5067125246
0.3776523557
0.6338962987
0.8229893576
0.9952825842
0.6063892241
0.5903460941
0.5022704116
0.4109523539
0.2213497300
0.3780424876
0.9671638003
0.9305630242
0.6896109137
0.3417393367
0.9362890675
0.3155413608
0.3116632948
0.2476991513
0.4938224238
0.5638973963
0.3774546103
0.1819635370
0.4141319036
0.6226336116
0.3449414679
0.7792663923
0.5604419594
0.5506028495
0.2943631920
0.1680417734
0.3878046483
0.6571480742
0.1353790345
0.2736654167
0.4846454361
0.5271534840
0.3685512225
0.7725160244
0.9640896447
0.3079626838
0.4266002878
0.3834248214
0.8990131596
0.2419219121
0.3147486313
0.7856934138
0.9324101651
0.5635151638
0.7219032893
0.9695127186
0.6657331119
0.3725300588
0.6403614867
0.9319606192
0.6927800058
0.8890326528
0.9171741755
0.9226181662
0.4932472444
0.9127941860
0.7595174249
0.9282319945
0.5738279134
0.0398780347
0.0822958691
0.6474202333
0.7502207073
0.4008842927
0.6804439532
0.7336367276
0.5490034084
0.8668306820
0.3775431801
0.8086059026
0.0912024972
0.0919114470
0.5589831905
0.5755023324
0.6124388903
0.8078195442
0.3457493460
0.6685279190
0.5811673673
0.9895121184
0.9461929122
0.9712201226
0.9220482524
0.4031448780
0.3904352701
0.5055664429
0.3806832071
0.4603802660
0.7036687221
0.9073047774
0.9547724229
0.6099138565
0.4864910885
0.2972199142
0.5928609031
0.8708900248
0.3162677144
0.2869510874
0.3392668672
0.5083537492
0.8441517104
0.6375106263
0.7824113819
0.4713828923
0.3682715856
0.6804483639
0.7408785262
0.5032074232
0.8106810593
0.9135292901
0.9741852797
0.7023913578
0.4493503805
0.5255415305
0.9126363389
0.7202253418
0.9559497714
0.6953051186
0.6487464051
0.8920499226
0.4355003206
0.9480632277
0.2373410390
0.2095361733
0.8710470543
0.1991286744
0.5321215784
0.6535798188
0.4793684607
0.4922356602
0.6272893391
0.5496022828
0.5774065494
0.3318908010
0.3694179232
0.4188501648
0.9413362672
0.8423477623
0.4365899602
0.8893302091
0.9410563289
0.6910948519
0.5508974103
0.3944426013
0.4826360633
0.2298802403
0.2500958061
0.3582454800
0.5093649413
0.7089204364
0.6591635624
0.4558920110
0.3923978499
0.5640470389
0.8846178475
0.5985303292
0.4147802647
0.6758465950
0.8174457229
0.8245482485
0.5503578430
0.4324563584
0.7000032878
0.8062317519
0.9826632982
0.9867822457
0.7956780254
0.7399851900
0.8972136856
0.7742984928
0.4808058779
0.2655217691
0.6986726462
0.9564722246
0.5092284384
0.4040637016
0.5391420703
0.9101955682
0.6980895418
0.9291571486
0.8986272373
0.6470794576
0.7410885516
0.9038665052
0.7726291785
0.9656323438
0.8781626494
0.4367542485
0.3482420082
0.7723772770
0.5408480734
0.4103893406
0.6119756608
0.4996861896
0.9223842607
0.8387550814
0.6093319983
0.6100064065
0.5733675031
0.3544500053
0.1639252133
0.3159492957
0.6751544454
0.6718410881
0.2703601737
0.1794062732
0.3331740413
0.1263903060
0.0457006725
0.3535842523
0.8746505430
0.8767067870
0.5610100668
0.8808241857
0.9013463420
0.6295198073
0.3958734603
0.1922318854
0.6380145988
0.9554710363
0.5046203219
0.4980155645
0.8794591381
0.8100286004
0.2257669553
0.4453014836
0.4150002998
0.7861150069
0.7013474432
0.8836893914
0.6463502113
0.6699569828
0.5021122628
0.5668089263
0.2306166505
0.2303995252
0.9731066135
0.8569730970
0.7066893956
0.4806592480
0.3009069057
0.7715084550
0.7276921570
0.5401958363
0.3629225238
0.6251553741
0.2349579978
0.5827206867
0.7933059971
0.5209917695
0.3081223661
0.9069740284
0.5162587038
0.8367899534
0.2914187980
0.3554323178
0.4844733889
0.4664328891
0.8115943737
0.9887105183
0.1900141036
0.1748996934
0.2984651238
0.3103536592
0.6278838136
0.5944719866
0.6698502973
0.7098670115
0.8674294908
0.7807574701
0.8467433385
0.9167470193
0.5658745660
0.4332855315
0.5259356697
0.9356911326
0.6071956375
0.5690361966
0.8319792218
0.5178407059
0.4366137040
0.4503904095
0.1905043859
0.6621842610
0.3626310767
0.7116320132
0.7730916730
0.6504901658
0.4925230421
0.3093733062
0.7518779955
0.2990280930
0.3567304874
0.8075204815
0.9607670969
0.5934864327
0.1472642073
0.2000758768
0.2938277783
0.3892575220
0.5082484975
0.5008232991
0.8051608526
0.4665902012
0.2339815558
0.8805973620
0.3086353598
0.5602854468
0.8457306492
0.5413093810
0.5851533318
0.5040995688
0.3361496625
0.4675897935
0.8400699292
0.8368365255
0.9418435672
0.3244353327
0.5771129797
0.4159407176
0.4534760956
0.2108172901
0.3875632264
0.9322296685
0.7029316357
0.7863435294
0.6589795661
0.4574553098
0.4930315759
0.3747017448
0.1958630175
0.4462571904
0.4768143284
0.3604325714
0.1897046918
0.4949014098
0.7359549010
0.2610963436
0.1465446057
0.3446806745
0.7835106262
0.4359003087
0.4304672636
0.8963052436
0.9197173568
0.6338190888
0.2956035337
0.6128388449
0.4126445545
0.6939215895
0.8247515477
0.4954798075
0.2245371638
0.1347419216
0.5898410547
0.4038381880
0.9674080338
0.4629546634
0.3189802584
0.4552835542
0.7249123742
0.9877658666
0.6868125040
0.7707710451
0.9039410979
0.4484434497
0.8412713747
0.4101210216
0.5539290392
0.9147538680
0.6708866884
0.9582882682
0.7982082669
0.6046116020
0.5004054331
0.5948865674
0.3492205541
0.4470624648
0.6785052175
0.6113275783
0.7105294188
0.4811649312
0.6009255227
0.8713216687
0.9155157815
0.5417760215
0.6634983983
0.8569102462
0.8183010341
0.5357893707
0.8290109531
0.8816769808
0.5131268117
0.2169544597
0.2399037984
0.5485938007
0.2694950325
0.3986658830
0.6820889266
0.4287403654
0.9948528490
0.5788986141
0.2899792744
0.2419993670
0.4414298205
0.4749270773
0.3280907749
0.3406662812
0.4830948856
0.3467902464
0.9540938154
0.5398016917
0.9822303873
0.6500707120
0.7810801453
0.3357159893
0.2873761721
0.9035300282
0.1018239445
0.3269004411
0.7033587962
0.1392113032
0.3701949176
0.4441811524
0.4842707475
0.9719365654
0.7467233453
0.8527111862
0.9089641517
0.4249005960
0.8352647594
0.7538898616
0.6221168864
0.7756323324
0.6885103914
0.5357070513
0.2520649415
0.2052620963
0.8211128960
0.6615402169
0.7115888794
0.5598538861
0.8468999680
0.9924179994
0.8149150698
0.6655775195
0.5517758067
0.7443184102
0.2227700780
0.8265954185
0.8601947733
0.2618467508
0.4817616170
0.7739635250
0.7416550425
0.7220843880
0.8805568182
0.3234249921
0.4778353520
0.8450622622
0.8574131156
0.2720148659
0.2747454315
0.9915313810
0.9404759361
0.6974422482
0.5404723863
0.7081485234
0.4929638729
0.6278370744
0.4420200603
0.4082016421
0.6769463339
0.4353702246
0.3965635826
0.6547458142
0.8087391811
0.4122019712
0.6218331897
0.8495954566
0.3325406204
0.2435831890
0.9795779974
0.3656551898
0.9648753481
0.3712659389
0.4093110503
0.4545866902
0.7512787310
0.7606386894
0.5311964294
0.7835358769
0.7990083041
0.3194164042
0.3385976434
0.9558643966
0.5047400755
0.2938927720
0.4541275034
0.8141392201
0.3680129984
0.3209227780
0.7984740699
0.3892915832
0.9684083397
0.2710868608
0.6462107722
0.5674997999
0.6467384550
0.3785820391
0.5446693887
0.7462393176
0.9438582284
0.9001612055
0.7387527631
0.2356244620
0.3644263367
0.5680549081
0.4762165571
0.7378731267
0.1474514460
0.2351544841
0.4792960974
0.6856123495
0.4540273150
0.6643212058
0.5629949493
0.3077391327
0.6581768001
0.5033429204
0.7331946793
0.8636045876
0.9548571165
0.9493570642
0.2050692798
0.3723514052
0.5549120298
0.3534030523
0.5613468265
0.9995161314
0.4936988809
0.6639317538
0.9286921221
0.8405290614
0.9484272800
0.6019592332
0.4433201179
0.1572063735
0.3860245347
0.7613584969
0.8419993264
0.5032336018
0.2242332595
0.5879332425
0.8066535483
0.8726858746
0.7188145278
0.5923372073
0.2489969125
0.5378175085
0.3812849500
0.2985508407
0.8956132853
0.6314618682
0.6996923490
0.6764334482
0.5305675748
0.3667416990
0.7033511442
0.9079974325
0.8121896795
0.5535644369
0.4688759193
0.3059481347
0.0964620254
0.2570274266
0.6988030863
0.7380943239
0.5255838227
0.7353917622
0.8209480482
0.8801446750
0.3337510884
0.6402405520
0.5314599052
0.8963215302
0.5104580756
0.8779120078
0.8603681519
0.8588020387
0.5444617231
0.3377938091
0.7300356953
0.7358326274
0.8138276740
0.3383829436
0.3381978112
0.7446735680
0.7925383224
0.7014157945
0.1864017542
0.1622088158
0.2044096204
0.2434713430
0.7192624324
0.4145160077
0.6159669101
0.8320367003
0.4577657150
0.3424228986
0.0547973044
0.1476515170
0.8153370687
0.3815718244
0.2233372110
0.3962484462
0.3821535457
0.6222252616
0.9527183406
0.9832975199
0.4671238594
0.3500555810
0.7985854341
0.9433218960
0.4847378980
0.5861736086
0.3784977268
0.7686091462
0.8855334654
0.9939669318
0.3591012070
0.2936926997
0.5422067577
0.8797808477
0.4483625392
0.1873672096
0.1487817522
0.4301893058
0.9496711423
0.8547682526
0.6992591766
0.5619670744
0.6258549755
0.8009567345
0.3233458609
0.5841430204
0.3441758679
0.5659876401
0.7132643786
0.8911168971
0.3666158792
0.5608446276
0.8394008311
0.4855209769
0.2758620411
0.5044500038
0.8536765878
0.6630021945
0.8084709840
0.8465431349
0.0005952021
0.0001958439
0.7532562030
0.4946592469
0.6767737873
0.8631029968
0.9653210267
0.9101580139
0.6877013271
0.2625727694
0.8205353468
0.6350807274
0.5325615796
0.6321511600
0.8281659911
0.9658982121
0.2105433008
0.1193788488
0.2630356093
0.5242441161
0.7956528145
0.2976736223
0.4645967174
0.8353131115
0.8996164110
0.9577596203
0.7971712231
0.9558116102
0.9402117530
0.4584473642
0.2930413522
0.3537021504
0.5876208120
0.6244869689
0.7236233877
0.8931086221
0.6856891523
0.7144597488
0.5671419602
0.5315015002
0.9451173181
0.7548099269
0.9408291795
0.8430029860
0.5883891768
0.1180106949
0.1353189524
0.7186910123
0.8326253205
0.8454303406
0.6456269556
0.6097800053
0.9829119150
0.2511753714
0.3748401019
0.3977640243
0.8979532713
0.3477069852
0.2243656726
0.5561335148
0.5335907437
0.8322121148
0.7471409504
0.8554422391
0.7022069772
0.3673520825
0.9962720847
0.4447319657
0.6589487962
0.9292816692
0.9738056063
0.3015284665
0.2574957902
0.8106720231
0.4683164875
0.6636203824
0.8406948240
0.2024535875
0.1295835058
0.5915346421
0.7446457564
0.6042146233
0.5093108772
0.9374692422
0.5412128354
0.8844771432
0.9089283601
0.6171090932
0.3012421979
0.3895109170
0.7234933291
0.6455721321
0.4322394377
0.7703342436
0.8160019658
0.5113498685
0.2842517242
0.7064528241
0.3597921671
0.1200582085
0.1579695797
0.5536166655
0.4225951536
0.2440636735
0.2030755455
0.3141190947
0.3815419715
0.3969448121
0.9445448495
0.5060888117
0.2752834496
0.2514407053
0.6863899557
0.5646891844
0.2854985858
0.3717391415
0.5189450557
0.4429949973
0.8233476899
0.8855476126
0.8710369282
0.3624285725
0.1906972991
0.3710200821
0.6957784611
0.3461157060
0.1967425462
0.3869662515
0.3987823251
0.3155324036
0.3095585888
0.3168629605
0.6258387631
0.9540946170
0.9776359868
0.9596537427
0.5150543147
0.3656603722
0.5607568160
0.6673617143
0.6749803720
0.6687512418
0.7048435741
0.9279438844
0.9439181837
0.7736338379
0.6580322899
0.9244122738
0.6436827409
0.4293780928
0.3257885828
0.6023167965
0.9212586472
0.9044422892
0.9491398117
0.1718674661
0.3098461383
0.7774423383
0.0734143845
0.1024358626
0.2660906648
0.2591361477
0.4410317232
0.5806165153
0.9981647103
0.5374151232
0.9764971028
0.9009772305
0.3038782986
0.2500933546
0.9898600099
0.8362971773
0.3400884761
0.7693502622
0.6862482332
0.7033765447
0.6100780620
0.5975463225
0.9534116532
0.4083341678
0.2428373544
0.7533975954
0.6189099689
0.8382533830
0.6659128705
0.3582594151
0.5022740532
0.9062365828
0.8614911800
0.4556369685
0.5883053129
0.7063132165
0.5455060379
0.5045387466
0.7138857490
0.7210174952
0.3415503447
0.3668665678
0.2053620278
0.1540532352
0.3464478359
0.3677442003
0.6321812300
0.4579578429
0.3340820118
0.4316349990
0.5924536126
0.6849911706
0.5792208718
0.4010131968
0.8772181509
0.8694820318
0.2613254258
0.2223646889
0.3526547923
0.7248610465
0.1702631377
0.0936193209
0.7471326983
0.4775457065
0.8529773161
0.2604722854
0.2901881590
0.4503674492
0.4850978409
0.9391048881
0.5487601441
0.6273508218
0.4135290287
0.3329078452
0.7785664827
0.6967215331
0.6712240895
0.8579429974
0.9006864379
0.9507247805
0.3983378089
0.4257862590
0.6516596590
0.6705118596
0.4185705608
0.9432140501
0.6003408573
0.7617195989
0.4947770865
0.8433804815
0.5506265101
0.3896062206
0.6378660768
0.6871640876
0.2887452330
0.2460352307
0.8640384313
0.3576727693
0.3406330835
0.1144894744
0.2129320317
0.4326548441
0.1502837548
0.1796634561
0.3451521837
0.4792759068
0.6893680176
0.1395919208
0.4018119232
0.5586014418
0.3990987728
0.2364570046
0.7186026874
0.6329694558
0.6631455333
0.9571121427
0.9268713848
0.7472089634
0.9505994365
0.8041201925
0.7330430864
0.8735062497
0.7706027398
0.4848831843
0.3395478356
0.8614789619
0.2649915494
0.2591088991
0.5638602780
0.8383182627
0.9969022099
0.5505615997
0.7771609856
0.3055715209
0.5930166894
0.7401844400
0.7162580064
0.5720820519
0.4574597547
0.4002331833
0.7799933962
0.5579924161
0.9244818159
0.1753192993
0.1899827205
0.2359508743
0.7128632782
0.2069870774
0.8781021354
0.3206054599
0.6676156975
0.8230866895
0.6097097880
0.8006627085
0.6921658309
0.5632770880
0.6882503565
0.2367474031
0.5288052339
0.4679773875
0.8979141061
0.9274092368
0.7902146812
0.8370291025
0.4405322150
0.8230831566
0.8779843689
0.5182629975
0.7313774674
0.7616700797
0.3657500896
0.2876703070
0.3430250720
0.9361613329
0.3132871424
0.8741638279
0.7723627492
0.4578216408
0.4000018786
0.5850402701
0.7866202274
0.7902064453
0.6390620786
0.0439952461
0.1532129379
0.5173777135
0.5954190749
0.6225142753
0.5857637960
0.6283690857
0.7729001554
0.1423039120
0.1940833400
0.0449524925
0.0912168315
0.6993560759
0.7027739868
0.3043758862
0.6192852883
0.3880489411
0.1363473863
0.4089663276
0.2832947683
0.6964360217
0.8856650030
0.4777031931
0.7295985609
0.9810003714
0.3140729827
0.1295684665
0.8789223301
0.0762397461
0.3228601315
0.3865137895
0.9221236624
0.6683157903
0.5175170672
0.8872540729
0.8937657326
0.5486124231
0.9628884869
0.8157266217
0.6502883294
0.5399196004
0.6072785410
0.4652766393
0.4877247727
0.3177175632
0.2121904272
0.2419172512
0.2967623450
0.3852271877
0.6515934616
0.5326677754
0.7014409638
0.9510455269
0.6483602127
0.5340961400
0.7963732683
0.8754640823
0.9655587839
0.4945961416
0.6224560107
0.6726558169
0.4658228092
0.3968806829
0.1704155287
0.1999575561
0.5967672083
0.5039617205
0.3541589650
0.6020842049
0.8173255880
0.5215931605
0.3749478767
0.6221367103
0.8579856339
0.8726197583
0.4806502231
0.6911137455
0.6899863497
0.3331344328
0.4312324771
0.8020302586
0.7760314919
0.8136416178
0.6372061580
0.4172842773
0.5568789708
0.8306141440
0.7131209639
0.8122661714
0.5842555599
0.1439678254
0.2719078323
0.9339719286
0.7061781461
0.7979808319
0.4632573533
0.6351015041
0.5880805966
0.9811007552
0.7014791412
0.8584916098
0.9235459841
0.7555310503
0.7535565912
0.7589702414
0.1584028282
0.2918477700
0.5001628590
0.6981531017
0.1245575090
0.1541029554
0.9785238385
0.7851610160
0.6755385037
0.4998063901
0.4340611106
0.1480528864
0.1537956191
0.4767848816
0.5885462664
0.4984179391
0.8467025570
0.7167684476
0.7558250294
0.3187127135
0.4603787517
0.8275531743
0.7030276649
0.8001884003
0.2915583927
0.4957275623
0.8760512618
0.8308064075
0.7587506212
0.7576021702
0.9503845729
0.6788658416
0.5116145397
0.7225338215
0.8671574400
0.5386180186
0.4984808578
0.1886397996
0.2410411801
0.9275059333
0.2717182316
0.2463515432
0.8374771015
0.4340773627
0.4103672436
0.3597606297
0.7510995743
0.5753969845
0.6417960704
0.6819796438
0.8397821667
0.8533051057
0.7829086527
0.8059275823
0.6626163638
0.4967811844
0.7872284292
0.4830022123
0.7402780968
0.8783728902
0.3696155182
0.1723945290
0.1618020523
0.3175232864
0.4662934754
0.5601473556
0.7755803138
0.1375522677
0.1893537330
0.9652833341
0.9316788265
0.6347392909
0.8949837010
0.9764319946
0.4393454797
0.4211430102
0.5284731689
0.8727460793
0.0004757877
0.0002207343
0.2611413263
0.2813926355
0.7895044973
0.8260441479
0.7909617302
0.5275258025
0.6063321833
0.3628124335
0.3117609679
0.7436161003
0.3620371505
0.3445733932
0.3268378770
0.7683150189
0.2853589730
0.5237646160
0.9092632221
0.7826638516
0.4442494107
0.4880737143
0.7241029932
0.3719791578
0.3149135699
0.4200250735
0.6979307810
0.6475197189
0.4156948370
0.7397936947
0.6196101711
0.9006560705
0.2333270475
0.3424864080
0.6423343320
0.9573481731
0.8305265517
0.9910487484
0.4966138628
0.2671175557
0.4908214679
0.3718030372
0.3454871699
0.1690584542
0.1116188773
0.3445402271
0.8583816560
0.8718106372
0.7581619959
0.4578404626
0.1723031566
0.1990916813
0.2904047572
0.5094283782
0.4809716221
0.4033278865
0.6355264688
0.7313034960
0.5495371647
0.7407089646
0.3667592546
0.4481869765
0.6916806088
0.9055839318
0.7258602710
0.5274151612
0.5276736734
0.1818874738
0.1528649884
0.7998676548
0.9807546840
0.8611357544
0.4571764082
0.9853722961
0.7771926593
0.6617400487
0.9580426788
0.5429856887
0.8196957895
0.5642638174
0.7682912581
0.5071132106
0.8980181220
0.4119645858
0.7514781656
0.2885786457
0.8874802558
0.3142675084
0.7028479934
0.4124819969
0.6164607015
0.6840138645
0.3784868409
0.3027863930
0.2366344023
0.3747087680
0.4622081523
0.5523828798
0.4698399125
0.7491800629
0.8568585940
0.8500881149
0.4088952541
0.3489320797
0.9075840917
0.6215515129
0.6401468751
0.9264662642
0.6915752318
0.6914070853
0.1650409958
0.3087678751
0.6086792291
0.5567176987
0.2948810712
0.1693237846
0.6461604132
0.8502222265
0.3936189552
0.6865791860
0.5973173982
0.9922632625
0.8019225983
0.7777104488
0.9352728525
0.2889611111
0.3050562275
0.4765971996
0.4591530633
0.6254425540
0.3230794938
0.0922354070
0.1103302662
0.4820928209
0.3071158708
0.1395327490
0.5242107474
0.1810918505
0.1658987214
0.2479149992
0.3300049190
0.4903249071
0.3173898441
0.5024356305
0.4993354292
0.5386530372
0.5167638542
0.5771421818
0.8402637657
0.7600569215
0.6203506322
0.6887988260
0.8128754778
0.6679772318
0.7947096627
0.8966695774
0.9854696312
0.8741467484
0.7516621321
0.4852920391
0.9042654176
0.5036427263
0.6897430933
0.6806512840
0.7801926413
0.5587772706
0.3698557672
0.7702285607
0.5026834451
0.2877516982
0.8983150163
0.5866644230
0.4282573298
0.5140464985
0.8988282426
0.5634914585
0.2959589256
0.6364392578
0.3181872375
0.7376339529
0.4492558733
0.7078358159
0.4278740388
0.8708605739
0.4785230001
0.7449266837
0.6459686843
0.7731084938
0.3622242043
0.2688046550
0.5472306470
0.9237869618
0.9774311650
0.7036431251
0.2857425086
0.3822184571
0.5033070927
0.4135827916
0.8575355586
0.6464981897
0.5857102999
0.7715775018
0.9331054760
0.9022589916
0.5212470545
0.6952462725
0.3251118010
0.9700664767
0.4336837985
0.6738345401
0.8150446652
0.9984653457
0.8187291649
0.5594112067
0.7315775176
0.8867583094
0.1791182437
0.9462234128
0.8137969804
0.5554950176
0.4309546361
0.5666398380
0.8909432694
0.7205227649
0.6534381500
0.6886976232
0.9262357118
0.4821971418
0.4443207631
0.9347668660
0.5158392225
0.6504743444
0.5680668826
0.5681360813
0.2230118000
0.2739160193
0.9407234975
0.8985657948
0.2111458660
0.3956010983
0.4761107227
0.3064349591
0.5494461403
0.7063884810
0.5723174220
0.4881954361
0.8361452676
0.5802369245
0.5510918329
0.6685088105
0.7869630046
0.5971056209
0.8088507114
0.9584078805
0.3928989405
0.6683308779
0.8018183298
0.9345489640
0.5164879218
0.6097404822
0.9982774062
0.5258730805
0.4509074861
0.7440981483
0.7067008900
0.5631825473
0.9862999983
0.4539239699
0.6063902587
0.4686509329
0.7153629960
0.8950935165
0.9133825330
0.7163905666
0.9045321873
0.9167084273
0.6684380313
0.9764886529
0.8718474028
0.7185476576
0.4015217524
0.2664543292
0.2282545028
0.6748607273
0.7051205970
0.5186948141
0.9798951937
0.8348005309
0.3477386796
0.4720522957
0.9290002013
0.9003966860
0.7812525124
0.7337209575
0.9795592879
0.3169804537
0.6889985552
0.6698314641
0.9954721874
0.6941071847
0.4722428814
0.9230743030
0.2208906745
0.7323183678
0.3683189379
0.5606229013
0.5837824164
0.3763939693
0.8340008581
0.8904569473
0.3144811576
0.7741333134
0.9837132148
0.4117983757
